1000
751 -488
-620 -375
377 755
-209 -132
98 -118
-748 440
-227 -32
-721 -532
75 -662
57 250
794 872
-247 706
-910 -1
-281 -202
-568 972
861 735
-254 134
589 371
729 -587
626 170
751 282
-867 -498
922 192
-61 504
547 -171
921 106
954 729
-117 814
-502 -318
-851 -950
799 -458
-338 471
-148 -634
796 -479
797 193
907 -278
263 880
-194 37
824 -778
-663 -314
-294 -561
-555 -182
-1 170
859 -541
543 314
560 333
529 364
922 155
-363 -381
-232 820
-883 992
-32 -731
191 265
409 -941
247 -427
543 391
230 731
-669 -701
-925 -561
154 -315
113 79
-255 -395
-600 -499
983 -601
-777 142
-369 188
-17 -187
-969 -592
-159 -950
511 -828
934 -760
-605 -123
-906 -178
258 -984
-894 -468
-93 887
-359 378
763 -474
-819 321
-750 161
851 733
-561 686
-460 -507
-894 -899
324 410
-365 -768
463 -919
-319 -37
511 -534
311 -759
186 -135
660 17
94 494
-585 -62
759 -604
-109 -470
999 -933
45 -639
438 904
-502 660
-531 929
-13 -343
959 -704
-462 -946
-678 71
484 60
-362 345
271 -836
-123 99
8 484
-181 57
-115 -963
-110 -570
615 -754
588 -860
-41 672
-693 288
-443 659
186 -152
508 -173
-206 -459
819 -657
311 -106
973 -477
-607 979
47 -788
813 -773
718 -494
387 -276
363 763
501 -370
804 -690
-343 246
132 -852
779 292
74 595
433 -958
-857 -800
589 140
862 -864
210 -69
-550 552
-855 -995
-24 -960
-643 -409
-213 79
808 -516
-975 596
-49 -992
-274 -70
-797 906
828 932
863 553
-991 -900
463 864
399 -645
-95 539
715 -496
-475 335
-27 -72
-200 199
57 -843
305 870
698 314
625 -1000
888 -492
-152 237
-993 714
-64 -851
-310 -288
-776 91
121 661
-856 -946
791 339
311 -54
827 -981
-55 847
-193 -710
-129 131
-683 895
437 -1000
-197 -497
-714 207
-554 -739
273 -779
369 -580
-799 -293
621 -58
-456 -122
212 -824
-636 -301
10 388
156 -299
441 -909
-718 851
281 -928
-273 -127
791 -316
130 275
348 280
402 -8
-526 -948
101 -958
977 373
-684 466
-864 -617
-980 -592
-897 -194
-548 -323
656 31
-134 827
632 -270
-652 760
581 -237
836 -175
-444 449
988 -837
202 -509
-579 -77
15 -799
541 699
927 -7
-14 608
-101 797
-610 -774
-996 800
-631 892
753 548
1000 860
572 -983
-693 -503
769 35
809 434
-455 -24
-816 928
-608 514
46 -708
913 -684
907 477
509 16
188 -27
619 -25
-268 264
-467 630
385 71
-91 610
876 384
-579 758
-684 814
-441 -847
727 161
-81 -389
-769 -446
371 956
12 634
-277 -652
-944 6
-773 704
418 -915
768 -888
83 1
-588 -502
303 -341
-319 678
112 398
-419 605
-351 716
-283 -832
669 602
-49 530
-224 398
676 -219
-194 -220
-650 -797
-927 -742
-614 -711
-897 830
501 -807
-271 497
-97 -889
652 628
-854 -622
-666 -231
993 -425
-82 -128
904 -225
371 -895
-183 -37
-224 -240
-534 918
-567 -877
56 -562
700 -700
-306 -695
703 -691
761 -515
-354 826
853 -666
-151 882
844 77
230 155
420 811
-970 -371
-166 -103
822 350
874 220
512 -80
-24 -950
579 -139
287 78
-483 160
-642 -311
-6 -258
555 -374
105 873
94 -747
-526 -144
-870 680
83 -321
-870 456
-410 500
-417 -882
-345 492
679 -400
-554 -24
844 418
-215 -744
-725 926
-774 202
227 -829
305 -270
-494 35
116 481
-697 780
-152 -9
579 -477
202 75
-169 -943
420 -256
-342 -674
-703 240
-297 266
642 336
-728 -749
937 361
626 -565
473 -496
-728 -606
-310 -802
-607 -524
814 -343
-240 -723
193 40
791 993
487 -841
-844 105
776 -769
503 -713
623 -878
437 184
774 364
-119 -485
-775 -337
-185 -445
-102 664
-40 687
392 -175
657 -688
15 617
-959 118
-682 618
811 -664
281 -18
412 -953
-694 634
1 -194
29 746
147 -791
-247 -366
-952 -686
-666 772
206 294
454 -467
790 -171
987 -560
121 -396
667 -639
186 -629
-400 788
136 124
407 839
-320 851
560 -581
-124 -105
380 684
-432 148
426 -694
519 -467
669 -935
132 715
-986 160
-269 148
428 191
-452 -213
-999 -248
-332 195
402 138
701 -754
-313 197
-735 588
-605 575
16 275
-371 -677
907 -378
-733 -884
-199 -510
901 15
-544 368
-45 254
396 601
-488 -675
-746 359
-600 -683
-654 825
382 -772
279 363
-685 -158
-779 695
412 -454
-512 572
-925 -522
829 -442
239 -996
286 94
657 57
-800 -502
680 510
-366 -304
-648 692
531 189
-839 880
977 -848
736 -970
-453 -304
-743 159
-420 69
-992 164
-728 59
-73 560
394 467
935 -732
-248 -664
-371 -38
972 -87
275 -924
486 -60
250 490
490 791
-332 -332
-406 968
59 -712
920 -823
-529 -611
504 -503
-848 -918
972 -272
-613 -506
176 -973
-934 861
-305 -41
-129 724
-302 -205
-271 332
-3 304
892 -166
270 856
-697 -510
-703 -57
-616 597
941 -460
-941 309
-385 -208
586 166
614 488
-128 -165
-432 -804
706 -760
201 593
480 -198
371 -435
911 -466
306 745
446 -210
987 935
429 -600
477 627
-348 -217
441 -151
941 369
-887 -412
-31 537
-10 -235
-310 -866
425 -382
-97 807
-462 -639
301 -443
-99 -495
-499 -232
504 -320
306 434
-642 -408
734 -218
465 783
-17 390
974 -915
393 31
213 175
-960 -976
-745 156
47 -909
440 995
469 -752
765 839
749 -407
961 -308
679 -784
-163 147
-87 266
-375 -699
-210 992
531 238
468 274
-982 -254
-843 671
900 -69
-374 847
-565 453
285 774
-200 -317
68 -857
12 -258
-826 -548
944 776
131 -367
-434 250
-431 -829
-747 70
518 -558
-376 -43
-348 -390
505 115
563 831
-706 933
-480 977
-495 -573
529 144
931 -681
720 283
671 827
948 614
-712 658
-302 931
-628 -954
283 -292
407 -205
80 46
-791 80
652 -70
-690 -164
840 -382
-494 -321
985 280
-237 -7
-785 -558
849 989
363 672
-832 -188
680 -599
307 -116
-756 666
150 524
-837 -443
-438 868
-429 -181
479 -375
359 955
665 -956
-575 -430
52 -880
861 480
-161 -521
592 -221
449 -920
247 -900
259 760
610 122
342 -897
-934 581
12 -952
-884 -464
-288 -202
366 -265
-589 -173
554 -989
632 -573
-454 645
-625 236
-858 -438
216 515
-3 -997
-199 314
-108 555
10 -570
36 626
305 145
349 985
838 -337
-502 -903
-704 -971
857 321
-767 148
-206 -169
290 -58
-945 -855
-128 -965
-874 10
-727 -846
-53 -515
343 -632
-649 253
711 755
151 919
581 -414
-856 -191
-737 -636
-573 -42
-338 157
-866 -125
-135 -76
304 961
250 288
-891 -660
563 -221
739 120
-402 -71
716 30
-178 667
478 -587
556 -830
-956 -213
87 553
-72 213
676 -238
343 -653
616 174
649 701
-522 -853
912 -378
-463 -509
-116 -691
207 -751
-263 -642
614 608
-234 81
173 104
188 597
-351 -775
-161 474
867 743
14 -201
512 469
-913 -702
-353 429
-528 844
93 -502
246 410
-455 -327
-35 -913
-2 -41
-431 752
536 780
-96 -339
158 335
-268 458
-173 712
576 592
-719 636
-696 -326
696 762
436 278
784 -276
-577 -551
396 893
479 498
693 326
-66 616
-186 -278
369 730
443 982
-894 21
456 -618
840 -295
-15 549
646 933
-989 266
36 -802
570 470
-348 160
392 640
339 -17
488 -849
233 624
144 643
148 -278
-219 -253
-498 -126
790 309
148 -336
-145 -94
173 73
450 427
850 -234
537 131
915 224
300 -513
950 689
453 531
826 725
274 835
-116 789
921 -656
-889 -366
-653 -588
-848 -799
-247 316
656 186
-298 -223
923 -436
279 629
-814 847
-983 628
512 -550
-358 187
405 100
-516 262
950 877
-219 585
-131 -692
793 972
-53 -262
444 -539
714 -751
-449 -726
-146 876
-785 -163
804 -325
325 580
154 -772
752 -939
-256 -218
28 -120
257 -533
-951 815
274 -351
-463 -191
775 -670
-464 499
322 -910
918 -895
-428 392
-268 -346
-26 -425
-843 641
344 -394
793 665
336 344
695 -503
483 -880
333 728
277 -629
-99 -390
777 659
-522 743
-486 177
594 650
-505 518
303 414
-407 -625
643 178
-259 -864
-48 -795
534 -529
735 654
274 -802
268 -287
-414 201
432 -516
493 553
-423 -801
15 364
721 -513
666 -898
-900 -576
328 751
-623 707
-671 -925
-549 -970
223 987
-803 64
-846 690
38 652
-703 -368
670 784
-780 -539
546 778
302 398
194 582
453 -85
-508 56
769 -249
-903 155
133 390
822 -397
-318 525
113 837
-311 -29
-102 -148
804 -835
-765 121
-504 -759
289 -682
-166 -367
-93 -224
-122 -742
240 -808
-84 772
856 -889
-986 166
290 979
346 -353
958 -872
399 -680
64 -544
616 285
638 623
-689 910
-607 -384
-815 447
-465 482
652 -611
239 -821
217 -96
-871 616
-218 -428
793 742
869 -463
-516 962
-189 457
-407 949
151 189
-712 146
681 -202
-328 396
-130 456
-870 146
-490 957
903 -809
330 309
-425 -811
103 547
450 -389
988 310
967 -95
743 704
-319 -254
693 -773
328 580
875 466
-510 -896
-861 672
286 623
-7 -249
-767 248
-19 -107
-50 563
513 580
276 -645
-338 764
-632 44
914 -784
-474 609
932 -783
-747 11
604 -512
-310 -190
830 -484
-801 -811
-6 -223
456 -438
491 817
-235 -909
152 416
-407 -727
358 -594
-616 -126
-975 431
210 -773
164 318
-34 -636
-853 922
-798 788
763 -79
858 404
-351 197
-261 -165
858 180
726 774
-145 -170
-249 -620
-933 242
692 -779
919 499
711 492
-288 537
-808 -29
776 -125
-783 -846
366 -289
-273 -120
-565 805
-381 -199
-919 700
176 -669
-964 444
-252 -419
257 -893
693 -61
811 422
-691 -496
-63 117
471 85
-927 -986
-203 -667
100 -5
-930 669
-214 -83
791 -164
214 -19
-251 323
248 -317
371 -347
48 -417
191 661
-820 488
664 -460
-274 -871
162 992
585 413
820 -337
71 -146
494 717
-986 960
13 -504
-598 -524
200 -593
-591 623
-618 -930
417 601
-409 -557
-353 -149
883 804
-185 414
-459 -686
-829 422
-466 -967
-309 994
76 193
465 -257
-860 -531
743 -459
-296 129
769 451
-47 335
617 -890
502 122
-560 -396
772 539
-886 -217
-999 523
-438 -337
-416 115
110 -375
717 61
-429 617
-660 -721
568 -914
-945 110
-617 306
666 451
