100
0 8 91
0 13 25
0 25 35
0 40 86
0 48 7
0 58 26
1 1 56
1 14 88
1 26 50
1 32 47
1 46 59
1 54 41
2 8 35
2 13 36
2 29 28
2 37 16
2 47 38
2 55 23
3 7 78
3 13 25
3 22 77
3 34 27
3 45 34
3 57 39
4 2 87
4 14 35
4 26 90
4 37 88
4 46 73
4 53 100
5 7 72
5 15 90
5 28 6
5 32 19
5 46 45
6 0 76
6 5 78
6 19 35
6 26 85
6 35 20
6 45 5
6 52 19
7 6 100
7 15 86
7 27 57
7 36 85
7 45 100
7 57 77
8 6 67
8 19 88
8 25 89
8 37 98
8 50 84
8 59 49
9 3 76
9 16 37
9 28 18
9 36 80
9 45 80
9 55 13
10 10 73
10 20 30
10 24 58
10 40 85
10 44 59
10 59 98
11 5 5
11 17 2
11 24 16
11 36 58
11 46 68
12 0 48
12 5 31
12 12 76
12 25 39
12 39 12
12 43 66
13 0 42
13 7 79
13 16 0
13 24 53
13 36 79
13 45 86
13 52 62
14 7 36
14 19 34
14 30 48
14 39 54
14 44 61
14 53 52
15 4 32
15 14 19
15 23 7
15 35 10
15 45 20
15 52 77
16 10 5
16 13 17
16 27 34
16 38 2
