100 200000
12845 35481
25189 99175
72090 83026
180826 88291
59641 132484
97576 65
131612 148853
191692 135524
25981 9196
192090 108956
123670 32723
129463 180141
68611 198744
164054 96037
172863 149079
13905 108479
47918 72586
133662 27661
93819 130472
93474 77228
105255 142151
3828 1932
84777 5847
89367 62693
83295 86592
43752 23981
184434 68521
180405 133682
128606 113709
68001 98137
177437 96587
27772 174358
46777 24042
19990 167804
71268 189523
164114 149531
94197 169345
104540 129757
120891 134575
1561 149024
183369 67151
174147 178259
137755 153402
67572 101055
26548 91127
156272 6453
74170 28954
92901 16166
100292 84662
161297 196724
58914 166208
135768 84047
127727 198069
75243 156425
138303 131064
133246 91922
151313 128379
113924 46881
175063 89028
180186 199534
171752 3127
13748 23858
6471 37258
75702 15806
168498 149175
117631 139826
11289 97555
191458 180656
83425 105189
2950 21701
183196 180082
145544 133881
135537 86965
24275 13236
156522 47578
43354 61936
52883 173394
1558 56826
136628 143253
21955 49092
39986 89627
41510 19562
50400 198638
74216 137498
23601 84562
65593 84250
106004 86151
85669 54565
60002 11123
174575 4413
14298 20417
159745 107668
104398 14539
72744 47880
155528 101452
126317 24998
47719 147748
141140 126726
121271 121781
64283 2607
