100
858073225 904297000
480801680 812339760
658538428 983255813
585333080 843728733
470192731 710762348
223391597 808056516
471156615 753477931
626359975 785636578
124590290 138908312
669626220 769539355
947213080 995462868
40589469 298064667
201121718 684597187
150656845 669282009
942700344 991185218
582728165 982472186
687614801 816521528
129561753 816003660
154020611 222628513
520911605 725217258
169886917 179568585
720858960 974720022
545181340 935478235
795109263 960379361
865651102 914770903
835776684 881711462
884167438 937457202
885616737 963547675
669195780 726865849
914811916 974965083
17688901 293598664
283110246 805679574
514613535 802025466
709364439 997480303
207136329 612220791
624714312 654829395
252237020 969400170
187342835 896723360
606531991 967461043
268118055 311527848
358402070 436696822
434510109 830367711
961134874 994903406
195987942 601696565
992674613 992884607
8173173 704944395
95951338 726093478
310126946 527731995
374079620 910914130
372785929 792774748
830227263 935349706
402384283 902312634
384741898 982187238
317746376 477839375
644869338 724445947
341410835 446978352
151162956 328802811
851465407 921573068
520267852 621607100
265270861 833304366
838817372 962343291
619173628 714229887
331850180 913042189
107452411 236192132
768617303 776672829
47361077 966300917
668179206 796009516
230058255 752493270
257954375 484204513
721479312 922996040
906652782 979282261
448507923 878983682
595807062 844870566
167544793 675373899
703156326 774377552
340016599 659547585
205650369 651556919
230410139 698353553
806568549 937341810
636296327 661834909
671585630 930123575
470812460 804813635
682582066 976440508
367648980 424162354
490716200 686304109
897764268 908919639
667377515 928794852
734829337 932192348
873892291 886877183
391860757 940406024
215704226 439623528
966446482 994000209
56671213 652342753
49515274 483446637
255434675 377384351
207539724 401806764
416280179 579305277
728669115 765244065
567609922 746061150
854157318 863236885
