1000 791
253 332
231 215
239 366
199 869
27 236
801 880
662 388
880 84
298 533
552 782
216 328
924 994
951 108
119 985
3 917
658 504
392 363
874 465
733 379
345 447
445 141
180 797
174 310
63 486
623 419
25 767
712 851
699 119
981 217
35 893
113 784
735 226
139 212
146 874
957 757
890 676
843 351
943 696
515 883
392 518
291 82
126 967
307 476
737 883
806 315
459 610
60 779
259 25
955 17
576 291
836 751
988 856
753 497
751 89
643 93
431 439
17 918
905 725
907 314
879 376
249 595
840 846
625 450
133 605
815 333
520 517
925 979
615 600
118 234
999 30
404 223
632 395
854 297
127 121
120 536
67 670
36 9
597 29
196 731
910 337
745 278
589 126
598 91
835 517
277 425
527 908
50 529
382 873
472 934
276 182
246 775
147 579
39 648
560 929
968 263
451 974
648 981
151 669
328 855
855 713
361 108
283 368
277 390
516 899
872 709
711 640
274 665
687 382
61 315
892 36
194 856
225 899
908 296
82 892
280 575
289 611
608 428
271 538
46 780
790 898
119 959
3 721
520 39
888 466
745 648
208 561
358 772
975 324
194 812
309 739
718 346
915 616
422 422
393 942
339 613
672 142
655 946
271 345
716 269
103 745
296 213
819 754
680 339
771 379
633 958
917 244
343 522
58 641
270 539
117 215
18 276
903 657
887 668
273 62
384 984
581 41
647 310
881 625
765 609
569 520
12 497
193 961
66 37
404 983
142 455
102 522
538 423
113 985
179 6
547 461
646 704
190 529
738 583
755 963
250 63
389 667
404 582
95 687
380 24
998 92
124 471
29 108
298 665
934 586
908 543
830 406
637 951
934 713
658 547
453 693
333 799
183 493
264 418
17 990
136 701
484 690
397 755
437 368
227 759
71 951
747 64
914 627
996 533
195 642
154 358
797 624
591 581
804 19
559 219
201 323
41 270
345 359
431 139
365 481
772 929
128 130
759 547
355 373
725 361
535 730
93 685
769 294
180 215
712 399
215 996
199 365
536 44
571 196
735 379
789 468
497 974
408 673
457 937
151 391
258 965
835 232
672 271
525 327
558 667
207 305
467 307
954 696
298 605
752 132
16 183
757 742
842 275
641 351
513 523
796 885
468 715
495 538
626 569
812 694
568 678
398 218
428 986
13 979
31 816
532 985
323 905
723 952
190 332
809 297
346 34
316 798
378 67
47 420
46 656
729 331
499 871
966 191
603 315
386 606
195 84
325 283
444 402
404 599
429 553
706 562
648 888
865 715
822 410
863 732
740 482
640 499
219 311
426 746
584 901
817 201
927 795
340 364
417 81
346 530
663 647
810 550
452 628
112 747
95 29
567 154
458 38
617 527
986 42
637 941
587 81
392 764
916 488
923 101
591 881
376 118
712 647
152 851
960 676
105 530
994 413
543 74
635 451
46 676
528 961
620 464
194 607
284 749
351 507
715 694
982 762
997 621
661 149
140 291
145 459
426 763
885 320
20 157
33 311
268 819
175 801
382 841
404 465
976 739
62 830
869 994
822 467
664 221
210 545
269 57
555 715
338 144
710 695
516 481
784 504
228 799
323 24
938 322
474 655
772 944
135 379
84 102
122 522
229 708
874 256
60 613
767 696
434 43
378 566
120 237
505 964
736 542
337 936
783 174
450 394
252 467
644 349
706 258
465 290
909 661
920 675
946 132
721 823
809 647
191 491
973 344
600 661
600 664
395 217
350 505
419 105
452 231
695 39
96 545
107 138
328 328
564 299
440 858
15 733
664 570
785 182
184 311
683 748
778 150
35 569
267 187
853 920
624 917
286 519
501 379
340 558
723 35
439 260
970 312
143 394
339 575
487 30
443 38
299 312
207 738
315 856
4 399
715 567
413 713
3 625
996 865
737 152
571 574
17 510
20 239
215 865
406 208
287 517
32 951
266 364
45 217
960 66
529 835
680 832
866 724
705 425
930 856
286 82
18 349
271 297
946 910
944 125
823 741
568 565
797 273
783 3
586 205
615 909
819 625
268 348
541 13
967 354
379 176
643 287
655 83
429 887
587 695
591 286
150 482
154 670
225 896
232 469
9 323
50 275
93 131
716 752
635 50
376 187
325 620
681 507
991 230
139 365
577 250
236 639
18 508
583 173
287 268
833 624
3 25
545 291
163 376
255 485
599 253
509 556
927 536
713 553
493 254
802 401
957 657
172 729
838 136
95 895
770 949
899 901
665 569
80 227
33 588
782 656
28 250
337 792
331 27
128 107
349 61
619 138
827 828
116 706
784 272
956 690
793 53
917 133
822 490
351 450
585 316
760 148
274 723
735 637
718 42
709 966
490 980
424 407
404 660
941 599
213 910
527 965
824 663
732 930
513 892
252 666
545 851
210 906
732 65
685 554
798 11
720 648
419 203
350 624
751 885
825 247
596 934
63 206
353 269
498 87
983 651
761 529
960 427
706 772
409 273
159 910
225 335
228 779
117 53
895 987
902 941
943 333
211 318
728 646
787 252
945 715
772 266
528 77
673 174
340 530
302 936
659 699
72 65
739 121
336 499
700 772
245 15
406 71
376 572
430 74
865 585
916 328
587 4
323 899
558 157
534 667
156 199
30 557
911 642
351 56
829 436
971 621
938 898
141 359
103 861
585 641
889 145
968 162
558 707
40 494
185 535
879 685
106 546
812 881
550 774
593 857
700 910
650 200
839 263
982 938
171 339
233 293
518 620
428 288
406 584
610 937
209 475
555 620
270 544
658 676
689 89
252 748
847 389
131 752
685 96
502 279
377 662
965 458
995 378
470 853
459 737
301 26
450 618
748 516
465 358
301 825
747 370
909 714
102 911
621 126
725 296
208 395
194 699
702 626
740 638
332 3
896 269
852 746
297 997
253 825
678 827
815 788
717 778
670 661
894 103
606 118
661 439
160 592
784 636
836 847
708 64
57 788
366 578
692 455
555 989
137 636
200 578
405 68
797 242
148 379
755 729
682 396
272 594
87 81
960 2
479 576
212 56
571 946
772 740
723 712
808 626
201 810
900 623
306 973
943 195
864 207
539 477
267 800
973 323
696 806
417 101
202 482
607 416
461 926
516 2
896 136
746 452
38 363
697 551
136 278
242 113
117 156
54 786
191 506
684 732
740 857
222 428
982 734
556 997
503 977
883 567
100 470
992 284
607 575
977 417
230 754
245 944
293 396
557 133
326 837
780 425
938 193
11 235
627 663
686 826
477 150
193 85
658 777
587 606
633 447
929 287
529 490
824 559
379 941
660 901
996 394
901 878
318 498
510 790
861 700
925 277
8 435
346 653
90 204
433 76
811 902
924 470
277 8
149 255
736 128
777 468
643 156
829 756
943 289
462 868
966 818
285 408
890 793
892 62
105 950
785 598
686 617
551 423
126 309
762 989
35 859
732 624
481 82
529 635
555 693
198 385
333 6
721 67
555 578
372 769
486 998
379 821
683 468
10 784
711 236
296 429
274 273
453 277
361 800
97 998
757 899
362 747
214 38
276 719
818 508
279 541
799 359
676 414
812 780
141 923
46 292
490 779
808 783
712 325
741 781
18 112
610 758
423 608
168 45
399 532
597 292
130 773
952 695
571 426
601 589
474 885
61 71
986 514
755 773
843 122
474 748
494 75
655 215
497 776
548 170
37 128
13 365
461 655
959 534
917 605
980 203
175 930
267 372
405 509
90 139
276 846
631 821
324 589
994 892
629 758
913 383
5 973
579 783
345 485
443 972
964 329
2 701
551 521
871 472
179 528
137 298
826 313
287 63
571 88
528 981
658 712
738 370
284 120
741 511
43 719
512 288
256 813
504 815
606 740
830 90
600 582
901 934
690 548
216 805
542 362
260 82
30 364
662 309
953 730
749 822
922 882
198 147
816 75
41 458
788 832
678 790
441 201
523 969
829 720
561 585
855 817
996 166
380 838
597 331
569 477
209 793
727 99
597 28
322 538
842 203
240 166
831 642
383 146
4 281
713 314
519 934
28 7
25 188
912 917
557 776
577 456
147 382
157 964
201 90
373 86
324 614
628 40
155 550
259 354
146 176
115 366
289 350
622 972
611 260
70 647
196 717
13 953
675 588
283 899
777 254
437 70
418 664
418 480
997 507
768 651
959 748
434 632
389 8
748 195
302 435
408 164
789 454
678 368
352 660
793 94
922 104
114 182
410 523
458 927
2 379
538 793
880 379
287 547
417 139
969 394
606 192
645 364
611 945
607 778
292 884
120 492
233 703
139 94
881 328
439 425
366 794
710 49
339 79
241 499
267 751
672 504
501 773
817 32
248 139
746 613
865 241
684 308
416 965
609 623
60 622
113 741
826 875
540 269
265 107
658 965
427 573
855 309
685 102
564 77
871 510
284 704
546 446
669 578
905 845
234 39
587 390
406 107
314 252
163 878
670 457
802 873
471 671
377 221
800 732
804 855
476 296
965 566
432 14
49 811
775 48
315 912
170 27
246 320
839 15
780 572
539 287
913 199
613 633
716 39
