10000
+1 46
-1 4
+1 23
-1 -94
+1 -56
+1 3
-1 -55
+1 -63
+1 30
-1 86
+1 42
0 2
+1 -13
-1 -21
0 3
+1 -35
-1 7
+1 -81
0 3
-1 -24
+1 76
0 4
0 3
0 3
+1 -50
+1 18
+1 12
-1 26
0 4
+1 58
+1 -19
+1 -28
+1 89
+1 55
0 1
+1 -55
-1 86
0 10
-1 -71
0 10
-1 15
+1 -76
0 7
-1 66
0 3
-1 12
-1 25
+1 -41
-1 48
0 7
0 4
0 3
0 7
+1 -93
0 4
-1 3
+1 27
-1 -45
0 6
0 6
0 6
+1 -31
0 1
-1 -78
+1 45
0 6
0 3
+1 -72
0 4
0 2
+1 100
0 9
0 4
-1 -79
+1 -52
0 6
+1 -63
+1 -23
+1 75
-1 77
+1 -36
+1 47
-1 41
-1 6
+1 34
-1 -12
-1 67
0 1
0 9
+1 25
0 11
-1 -17
0 7
-1 -94
+1 -27
+1 -7
0 5
0 9
-1 -46
0 4
+1 73
-1 100
0 9
0 8
+1 57
0 11
+1 -40
+1 5
-1 -66
+1 -71
+1 -73
-1 -18
+1 38
+1 -22
0 6
+1 75
0 5
+1 76
0 4
+1 -54
+1 34
0 2
-1 84
+1 -54
0 15
0 17
0 18
0 15
+1 65
-1 91
-1 88
0 15
0 19
+1 43
0 14
+1 14
-1 91
+1 -58
+1 66
+1 -85
0 12
+1 -31
-1 -87
0 23
-1 69
+1 86
0 7
+1 10
+1 22
-1 -38
0 3
-1 -92
+1 87
-1 5
0 6
-1 78
0 9
-1 94
0 14
0 19
-1 -3
-1 -26
0 12
+1 -71
0 1
-1 23
-1 80
0 7
-1 -47
+1 -12
-1 -6
0 10
0 17
+1 -40
-1 79
0 17
+1 6
+1 -41
+1 -96
0 2
+1 61
+1 18
0 4
-1 -84
0 13
+1 17
+1 -82
0 15
-1 51
+1 -11
0 12
-1 41
-1 39
+1 -64
-1 -58
+1 -45
+1 -54
+1 33
0 17
-1 -60
0 10
-1 91
+1 54
-1 91
0 22
-1 44
-1 17
-1 -40
0 17
+1 -30
-1 80
-1 -68
0 10
0 4
-1 3
-1 -89
+1 27
0 14
0 4
0 2
-1 -46
0 12
-1 -5
0 13
+1 -71
-1 -71
+1 69
0 9
0 3
-1 -38
+1 26
-1 11
+1 60
+1 15
+1 -42
+1 -43
+1 58
+1 -94
-1 31
+1 11
+1 -61
-1 95
-1 -55
+1 8
-1 -4
+1 96
+1 -73
0 18
-1 -68
-1 -91
0 19
+1 -49
+1 27
-1 70
+1 -28
+1 78
0 4
+1 15
-1 22
+1 -24
-1 10
0 15
-1 -70
-1 -42
+1 76
-1 -56
0 8
+1 -43
0 8
0 12
-1 -92
+1 46
-1 88
-1 0
0 3
-1 -45
+1 5
0 6
+1 65
0 5
0 1
+1 -74
-1 -43
0 17
+1 -17
+1 87
-1 59
+1 -24
+1 -15
0 11
+1 -26
+1 -56
0 19
+1 -95
+1 33
-1 53
-1 21
+1 62
+1 -60
-1 -45
-1 -40
0 22
-1 22
+1 65
0 4
+1 2
0 6
-1 -65
+1 89
0 7
+1 30
-1 7
+1 17
-1 87
0 5
+1 -99
0 13
0 10
0 16
0 19
0 21
+1 -41
+1 -79
+1 -30
+1 -27
+1 31
0 16
0 24
-1 26
0 23
-1 1
-1 91
+1 93
+1 -46
0 23
0 9
+1 -25
0 10
0 6
0 22
+1 -44
-1 78
-1 -82
0 1
+1 76
+1 -80
-1 53
+1 -5
+1 51
-1 -21
0 31
-1 -36
-1 62
-1 -26
0 14
-1 -95
0 15
0 1
+1 9
+1 84
+1 -96
0 10
0 22
0 31
+1 6
0 19
+1 2
-1 53
+1 -25
0 9
0 35
+1 16
0 25
+1 -99
0 12
+1 44
-1 -72
+1 -80
0 38
+1 75
-1 -53
-1 78
+1 -98
+1 -13
0 28
0 5
+1 38
-1 -52
-1 -44
-1 -57
0 37
+1 4
+1 89
0 39
+1 67
+1 13
-1 49
+1 -79
0 18
0 36
+1 -83
0 5
0 32
0 41
+1 -63
-1 -79
0 24
-1 100
0 37
-1 3
+1 38
-1 -69
0 30
0 23
-1 -34
+1 85
-1 -49
0 1
0 31
+1 -71
0 39
+1 -63
0 22
+1 29
0 1
-1 32
+1 -36
0 24
-1 0
-1 96
-1 -65
-1 37
-1 -63
+1 32
+1 79
+1 95
-1 92
0 33
0 21
+1 -25
+1 30
+1 32
0 27
-1 18
-1 13
+1 18
+1 -4
0 27
0 28
0 5
-1 43
+1 57
+1 -11
0 17
-1 -33
-1 -72
-1 -40
-1 49
0 25
-1 -18
+1 -23
-1 -40
+1 -39
+1 28
0 16
+1 -67
0 6
+1 -97
+1 35
0 34
+1 -39
-1 -4
0 18
0 3
0 25
-1 12
0 35
-1 -29
+1 -40
0 2
0 25
-1 15
0 18
0 9
-1 5
0 4
+1 17
+1 -98
-1 -71
0 33
-1 -77
-1 -8
+1 -34
+1 -69
-1 -14
-1 76
-1 -49
0 9
-1 89
0 36
+1 -25
+1 67
-1 27
0 6
0 32
+1 92
+1 78
0 12
0 26
0 18
+1 97
+1 52
-1 -28
0 24
0 8
-1 30
-1 -81
-1 -16
+1 28
+1 -37
+1 -48
-1 50
0 37
-1 -85
+1 -92
+1 -10
-1 12
0 31
0 5
0 40
+1 -86
-1 -29
-1 40
0 33
+1 62
-1 62
0 3
0 31
-1 96
0 38
+1 70
0 2
+1 22
+1 84
0 16
+1 -11
+1 -94
0 15
-1 64
+1 16
-1 -2
-1 28
-1 6
+1 2
-1 100
0 22
0 32
0 31
+1 13
+1 -1
0 34
+1 57
0 31
+1 8
+1 22
0 36
-1 75
-1 71
0 4
-1 57
-1 64
+1 24
+1 -41
+1 82
0 36
-1 98
-1 -49
0 36
+1 -83
0 41
-1 46
0 5
+1 -14
-1 -86
0 2
0 41
0 29
0 15
+1 31
0 43
-1 -20
+1 -15
0 29
-1 71
0 21
-1 36
-1 -31
+1 4
0 22
0 30
+1 -52
+1 47
0 28
0 25
+1 -27
+1 39
+1 94
-1 -95
-1 -9
+1 1
-1 36
-1 24
-1 -46
+1 21
+1 -23
+1 13
-1 49
0 13
+1 -3
-1 -9
0 15
+1 84
+1 92
-1 70
0 1
0 7
0 20
0 26
+1 44
+1 -69
-1 83
0 43
0 14
+1 -62
0 38
+1 -89
0 2
+1 72
0 14
0 15
+1 36
+1 -26
0 48
0 31
+1 -96
+1 -9
+1 -79
+1 9
-1 -33
0 29
-1 -98
0 5
0 31
+1 -45
0 18
-1 76
+1 53
-1 -31
-1 53
-1 7
-1 39
+1 -37
+1 -92
+1 -75
0 46
+1 31
0 43
+1 91
0 14
-1 -91
0 33
0 33
-1 40
-1 33
+1 56
-1 -12
+1 -81
-1 11
0 9
-1 28
-1 19
0 37
0 10
-1 2
0 7
0 10
-1 68
+1 92
-1 78
+1 77
-1 -37
+1 -75
+1 55
-1 -10
0 40
0 4
-1 -91
-1 -69
-1 26
+1 36
-1 -39
+1 89
+1 76
+1 -2
0 31
0 20
0 30
-1 51
+1 -46
+1 6
+1 -69
+1 -33
+1 -87
-1 -70
0 46
0 44
-1 71
0 3
+1 -14
+1 67
+1 4
+1 -78
+1 24
0 43
0 27
0 10
+1 51
0 31
+1 -2
0 55
0 37
+1 -7
-1 -25
-1 46
-1 72
0 7
-1 -91
0 53
-1 -20
-1 -85
-1 -91
0 28
+1 -72
-1 -1
-1 92
0 3
-1 -20
+1 99
0 22
-1 67
-1 0
+1 -91
-1 -27
-1 4
+1 28
0 47
0 21
-1 77
-1 -95
+1 40
-1 -39
-1 34
0 42
+1 100
+1 48
+1 -77
-1 38
0 13
0 23
-1 28
0 1
0 21
0 47
-1 -28
+1 9
-1 84
+1 -41
0 36
-1 97
0 17
0 15
-1 43
0 24
-1 88
0 19
-1 -74
+1 6
0 15
+1 -79
-1 -54
+1 -87
+1 -76
0 10
-1 -52
0 43
+1 -62
+1 -63
+1 -67
-1 -11
0 30
0 45
0 30
+1 -32
0 28
+1 80
0 1
0 49
0 25
+1 55
+1 64
+1 -55
+1 -9
-1 12
+1 -98
0 26
-1 -33
-1 48
+1 47
-1 60
+1 -83
0 49
0 1
-1 -42
+1 96
-1 56
0 28
-1 -88
-1 72
0 41
+1 36
0 12
-1 60
0 15
0 15
+1 -99
+1 -37
0 41
-1 -53
-1 7
+1 -14
0 19
+1 51
0 24
-1 -20
0 24
+1 -28
+1 -82
+1 -85
0 42
+1 -57
+1 -41
+1 29
+1 80
-1 -2
0 50
-1 5
-1 72
0 30
-1 -35
0 14
+1 12
+1 -84
0 29
0 12
+1 -95
+1 54
+1 -63
-1 0
-1 -46
0 6
+1 41
-1 -70
0 5
-1 29
-1 35
-1 -62
0 48
-1 -56
-1 52
-1 21
0 9
-1 44
-1 -41
+1 -87
+1 79
+1 -21
-1 -3
-1 86
+1 12
-1 99
0 22
+1 -43
+1 -12
-1 15
-1 -17
0 30
+1 -83
+1 -98
+1 -15
-1 87
+1 36
+1 97
-1 -80
+1 -18
+1 -78
0 16
0 52
0 28
-1 -19
-1 42
+1 -94
+1 38
+1 52
0 10
0 34
-1 -29
+1 22
-1 -47
+1 -28
-1 -90
-1 32
+1 39
-1 12
+1 45
0 41
+1 -99
+1 0
-1 -28
0 42
0 4
+1 -95
0 53
-1 -68
+1 -60
+1 8
-1 36
+1 -80
+1 -89
-1 -51
+1 -84
+1 -65
+1 70
+1 -22
0 47
-1 -60
0 24
0 58
-1 -18
+1 84
-1 27
0 37
-1 -10
0 10
0 29
0 17
-1 25
-1 -62
0 13
+1 96
0 5
-1 -15
+1 -6
-1 29
+1 79
+1 -20
-1 3
0 52
0 8
0 53
+1 95
+1 -77
-1 -20
0 47
0 39
0 46
-1 86
+1 95
-1 56
+1 -58
0 44
-1 89
0 8
+1 -20
-1 -100
0 19
+1 -9
0 41
-1 62
-1 -42
+1 74
0 32
+1 -56
-1 16
-1 16
0 14
0 13
0 28
0 25
+1 -35
-1 -64
+1 38
+1 -29
+1 3
+1 -94
-1 -52
-1 85
0 17
+1 58
+1 79
0 45
-1 -17
+1 -71
-1 -85
0 24
0 36
0 21
0 31
0 8
0 18
0 2
+1 14
-1 -59
-1 26
+1 -26
0 56
-1 -76
0 55
-1 -57
+1 -82
0 47
+1 -27
-1 -19
+1 71
0 15
-1 -7
-1 -8
0 16
+1 -1
+1 49
0 24
0 47
0 49
0 9
-1 -70
+1 -68
+1 -3
+1 48
-1 88
+1 30
-1 25
-1 -56
+1 -72
-1 -45
-1 83
-1 70
0 35
0 52
0 35
0 29
+1 -100
+1 16
-1 -49
-1 94
+1 -94
0 7
+1 40
0 48
+1 -35
0 2
-1 -77
+1 63
-1 50
0 47
0 27
-1 84
0 7
-1 -2
-1 30
+1 -12
0 12
-1 100
+1 -74
0 38
0 20
0 47
0 48
+1 -51
-1 -32
0 8
0 24
+1 -5
0 41
-1 -97
-1 88
+1 -88
-1 -3
+1 32
-1 36
-1 79
+1 53
0 2
0 27
0 4
-1 77
-1 70
0 9
-1 -19
+1 96
+1 11
0 23
0 35
-1 -25
0 50
0 39
+1 83
-1 -1
-1 68
-1 8
+1 -37
-1 42
0 49
+1 99
+1 96
0 47
0 8
+1 37
0 11
-1 98
-1 -81
-1 77
+1 86
-1 94
-1 -81
0 24
-1 -89
-1 73
-1 41
-1 11
+1 -96
0 45
-1 93
+1 -36
-1 33
+1 -53
0 5
0 46
+1 -33
0 43
+1 -86
+1 75
+1 -46
0 16
+1 32
0 1
-1 -56
+1 -86
-1 99
+1 -80
+1 91
0 2
0 43
+1 -7
+1 15
-1 0
+1 47
+1 -80
+1 73
0 34
+1 -23
+1 89
-1 -21
0 57
+1 41
+1 86
-1 27
-1 -10
+1 -34
0 51
0 16
+1 -47
-1 -100
0 52
+1 -53
0 51
+1 69
0 32
+1 -86
+1 -1
0 20
-1 -87
+1 48
+1 -45
+1 33
+1 61
-1 -85
+1 -18
-1 35
+1 -21
+1 -57
-1 -84
+1 63
-1 -34
+1 61
+1 -34
+1 23
+1 9
0 64
-1 98
+1 4
-1 -19
0 61
0 57
-1 92
0 1
-1 -48
0 46
+1 15
0 25
+1 55
-1 25
0 33
+1 44
+1 -94
+1 -82
0 62
+1 -19
+1 -48
-1 -98
0 48
+1 76
-1 -62
-1 -33
0 43
0 16
+1 53
-1 28
-1 -67
+1 -7
+1 84
-1 -35
+1 73
0 26
+1 23
-1 -17
+1 -17
+1 79
+1 -88
0 25
-1 43
+1 -2
-1 -89
-1 68
+1 51
0 46
+1 98
0 4
+1 -27
+1 15
+1 -84
0 58
0 38
+1 -30
-1 -65
+1 13
-1 35
0 48
-1 -15
-1 30
0 55
0 4
-1 74
+1 -43
0 38
+1 -86
+1 -83
0 48
0 66
0 65
0 48
+1 -3
0 33
-1 -34
0 25
-1 -5
0 36
+1 75
0 37
0 20
0 53
+1 8
0 41
+1 100
0 76
0 54
-1 -44
-1 -48
0 16
+1 -98
0 49
-1 -58
0 9
-1 70
-1 14
+1 -85
0 47
-1 -6
+1 -11
0 57
0 56
0 78
-1 -73
-1 50
0 55
-1 -9
-1 70
0 7
0 3
-1 12
+1 66
-1 43
+1 48
+1 44
+1 -13
-1 -27
+1 60
+1 -50
0 48
0 29
+1 73
+1 -22
+1 -75
-1 99
0 41
+1 56
+1 -9
0 27
-1 -30
-1 -94
+1 -5
-1 -80
-1 -34
+1 -76
+1 -99
-1 -13
+1 44
+1 -17
0 36
-1 -54
-1 17
+1 -34
-1 41
+1 -14
0 61
0 71
0 42
0 55
+1 -3
+1 -65
0 10
-1 4
0 13
0 47
-1 48
0 65
-1 -21
+1 82
+1 -17
0 41
-1 -68
+1 80
+1 94
+1 54
+1 -87
+1 -14
0 24
+1 61
+1 58
+1 -7
-1 -45
-1 36
0 62
-1 66
+1 44
+1 91
+1 83
0 22
-1 -83
+1 18
0 46
0 86
0 21
-1 -48
+1 -27
-1 23
-1 -71
-1 -6
0 51
-1 -84
0 44
0 48
-1 -38
+1 -68
+1 -65
-1 -43
+1 -60
-1 -19
0 73
0 40
+1 49
0 56
-1 54
+1 70
0 46
-1 -82
0 20
-1 63
-1 -70
0 18
+1 -92
+1 1
-1 -15
+1 -59
-1 9
+1 -86
+1 -69
0 64
0 39
+1 12
-1 60
-1 -34
0 73
0 43
0 43
-1 55
+1 -49
0 29
-1 68
-1 -1
+1 -58
0 39
0 28
-1 -87
0 26
0 23
-1 85
0 81
+1 -74
0 9
+1 -51
-1 -39
+1 25
+1 -27
0 15
-1 22
0 65
-1 -62
-1 84
-1 12
0 11
-1 -76
-1 -58
-1 17
-1 35
0 24
0 69
-1 -28
+1 -19
+1 -17
0 66
-1 -34
+1 73
+1 -51
-1 -82
0 5
+1 -89
0 10
+1 0
+1 -70
-1 79
-1 -50
+1 -1
0 23
0 52
0 64
-1 78
+1 -61
0 30
0 69
+1 55
+1 92
0 72
+1 -9
-1 70
+1 15
-1 -3
-1 33
-1 -83
0 34
+1 -22
0 20
+1 48
0 63
-1 -69
0 70
-1 -75
0 57
+1 24
-1 -43
0 40
0 45
0 2
0 2
-1 5
0 64
0 26
+1 -11
+1 3
+1 92
-1 -31
0 16
+1 -76
-1 -77
-1 -26
0 41
-1 97
-1 76
-1 -55
0 61
-1 -17
+1 69
0 46
-1 76
+1 -40
+1 -73
-1 60
+1 -54
0 49
-1 95
-1 40
0 39
0 64
-1 -84
0 49
-1 -98
0 69
-1 48
0 72
+1 -48
+1 36
-1 55
+1 -88
+1 84
0 65
+1 -10
-1 60
+1 69
-1 -41
-1 -90
+1 -78
-1 -16
+1 -91
-1 10
-1 46
0 14
+1 45
0 22
-1 79
0 53
0 71
0 7
-1 -82
0 45
-1 4
0 37
+1 79
+1 -54
0 61
0 51
+1 -69
-1 18
-1 -13
0 40
-1 75
0 24
-1 77
-1 8
+1 44
-1 12
0 13
+1 -50
+1 51
+1 -67
0 49
+1 35
0 52
0 11
0 72
0 11
-1 -70
+1 -61
-1 86
-1 -50
-1 -43
0 56
-1 -39
-1 97
+1 -38
-1 -37
-1 -89
0 51
-1 -100
-1 30
+1 -11
-1 -28
0 21
-1 -59
-1 -40
0 42
+1 -19
+1 -22
0 41
+1 -36
0 40
-1 -19
+1 100
-1 -51
+1 -69
+1 -8
+1 -61
0 16
0 32
+1 42
-1 -65
-1 90
+1 50
0 37
+1 80
+1 80
+1 38
+1 49
+1 -27
0 34
0 56
-1 -95
-1 -59
0 24
-1 41
-1 -83
0 9
-1 -43
-1 -24
+1 -25
-1 -32
+1 52
+1 37
0 26
-1 90
0 7
+1 40
-1 -41
0 59
-1 38
0 7
-1 28
0 44
0 11
+1 -60
+1 -75
+1 -78
0 11
+1 -40
-1 -55
0 28
0 1
-1 62
+1 -15
+1 99
-1 49
0 1
0 51
0 17
0 21
0 47
+1 89
0 40
0 11
-1 -90
+1 -70
0 5
+1 57
0 54
+1 -91
+1 -88
+1 36
-1 57
+1 -7
-1 73
-1 -78
-1 -82
0 14
+1 60
-1 -19
0 29
+1 -56
-1 -42
0 35
-1 78
-1 29
0 68
-1 34
+1 -48
-1 11
0 51
0 19
-1 51
-1 67
0 8
-1 -88
+1 -50
0 34
+1 -29
-1 85
+1 98
0 29
+1 39
+1 4
0 21
0 53
0 26
+1 82
+1 68
0 25
0 30
0 37
0 52
-1 -89
+1 92
0 28
-1 40
+1 90
-1 61
+1 66
0 25
0 68
+1 42
-1 7
+1 -29
+1 100
-1 29
0 49
+1 84
0 33
+1 -63
+1 1
0 15
0 5
-1 -90
+1 -7
0 7
+1 86
+1 -99
0 2
0 70
+1 -64
0 46
0 71
-1 44
-1 -82
0 11
0 13
-1 52
0 40
0 36
0 5
-1 94
-1 -7
0 43
0 53
-1 -22
0 59
0 32
0 39
0 36
+1 93
-1 73
+1 20
-1 35
-1 -58
0 47
+1 -28
0 40
+1 15
+1 17
-1 47
-1 31
+1 -77
0 69
+1 -18
+1 -60
+1 18
-1 87
-1 43
+1 44
-1 34
+1 -54
0 39
-1 57
0 19
0 25
-1 -91
-1 29
+1 34
-1 -65
0 8
0 29
-1 9
0 62
-1 33
-1 61
-1 -51
-1 11
0 9
0 35
+1 34
+1 -20
-1 -97
+1 -1
0 35
-1 -66
0 9
+1 -73
-1 -100
-1 74
+1 41
0 13
0 46
+1 42
0 40
-1 47
0 7
+1 -62
+1 39
-1 56
+1 -90
-1 57
-1 57
0 68
-1 4
0 33
0 49
0 27
0 10
-1 0
+1 28
+1 34
0 34
-1 96
-1 -52
-1 84
-1 -52
+1 23
-1 97
0 8
0 41
+1 41
-1 64
0 56
-1 -67
0 22
0 13
+1 96
-1 91
-1 65
0 5
+1 4
-1 38
+1 -32
0 63
-1 -6
0 7
0 11
0 44
-1 -66
+1 -24
0 49
0 47
+1 -16
+1 -12
0 16
+1 -45
+1 51
+1 -50
0 47
0 5
+1 -18
+1 -79
-1 28
-1 -67
0 2
+1 46
0 47
0 48
-1 -75
+1 -37
+1 -9
-1 0
0 52
0 39
-1 65
0 1
+1 -9
+1 -96
0 27
0 11
+1 92
-1 95
0 18
0 13
-1 93
0 55
+1 13
0 36
+1 -39
-1 -96
-1 -53
+1 -96
-1 80
-1 18
-1 71
+1 30
-1 7
-1 -21
+1 77
+1 47
-1 40
0 52
-1 -13
-1 91
+1 41
+1 1
0 25
+1 -49
-1 -38
0 6
+1 1
0 51
0 60
-1 -54
+1 13
0 8
+1 84
+1 -55
0 42
+1 -10
0 61
+1 -39
-1 -76
0 48
0 17
0 11
+1 39
-1 90
+1 53
-1 -18
+1 49
0 28
+1 -40
+1 73
+1 -51
0 10
0 16
0 47
0 45
0 50
+1 -100
-1 65
-1 -77
-1 90
+1 41
0 11
+1 79
0 27
0 2
-1 -69
+1 96
0 18
-1 99
+1 35
-1 -67
+1 -90
-1 -9
-1 -65
0 53
+1 34
+1 43
0 63
+1 -49
+1 -98
-1 -69
-1 -31
-1 31
-1 46
-1 16
0 40
0 25
-1 -74
+1 -74
+1 32
+1 -55
0 65
+1 31
+1 -95
0 57
-1 20
+1 53
+1 -17
0 47
0 36
0 39
0 75
0 13
+1 55
-1 -35
+1 24
+1 48
+1 -23
-1 72
0 53
-1 21
-1 -100
-1 -39
-1 58
+1 -19
-1 -61
-1 -27
-1 48
-1 46
0 49
0 64
0 44
0 55
+1 54
0 24
0 62
+1 13
0 52
-1 -30
+1 -34
-1 19
+1 66
+1 70
0 29
-1 -10
-1 25
0 3
0 38
0 1
-1 -23
+1 1
0 47
+1 -48
0 2
0 16
-1 -3
+1 30
-1 -19
-1 89
0 55
0 20
-1 79
0 55
0 6
0 52
+1 -91
0 34
0 67
-1 -66
+1 -50
-1 -86
+1 -55
-1 -96
-1 27
+1 -69
+1 99
+1 43
-1 52
0 50
-1 -64
-1 32
-1 21
0 63
0 12
0 6
0 6
-1 -6
0 21
-1 52
-1 91
0 39
-1 73
+1 42
+1 -44
+1 -12
0 21
-1 95
0 38
0 29
-1 53
-1 80
+1 10
0 4
-1 -77
0 51
-1 90
+1 -23
+1 84
-1 65
0 42
0 46
-1 -69
0 47
0 16
-1 57
-1 -100
+1 -84
+1 -13
-1 -56
-1 45
+1 51
-1 99
+1 -92
-1 10
0 39
-1 -97
-1 9
0 30
0 59
-1 50
-1 15
+1 -78
-1 29
-1 -94
0 39
+1 -54
+1 -11
0 47
0 34
0 41
+1 95
0 11
0 20
0 1
0 13
0 9
-1 -54
0 25
+1 -23
+1 -18
-1 -39
-1 -71
+1 -91
+1 91
0 53
-1 79
+1 -59
+1 -45
0 25
+1 52
-1 -72
0 47
0 33
0 54
0 24
-1 43
+1 17
-1 81
-1 41
-1 93
0 32
+1 -90
-1 -55
+1 6
0 34
0 49
+1 -99
0 30
0 21
-1 92
+1 -28
0 44
0 34
-1 90
+1 99
-1 -29
0 45
+1 -64
+1 82
+1 79
+1 8
-1 99
0 29
-1 -12
-1 -15
+1 71
+1 -52
+1 36
-1 -84
-1 -96
-1 85
-1 -36
-1 100
+1 -14
-1 -43
-1 -58
+1 -31
0 6
0 24
+1 80
0 27
+1 78
-1 -34
+1 -49
0 35
-1 21
0 3
+1 26
+1 -49
+1 11
+1 73
-1 -15
+1 67
+1 -31
0 54
-1 -10
+1 -11
0 1
+1 29
+1 9
-1 -58
+1 -3
0 50
-1 96
0 27
-1 27
-1 -10
0 5
+1 -53
0 20
-1 22
-1 -22
-1 -4
0 27
0 51
-1 40
-1 -55
+1 34
+1 14
0 20
+1 62
+1 90
+1 73
-1 34
+1 33
0 33
+1 38
+1 -72
+1 -31
-1 -21
-1 40
0 41
+1 -40
0 30
-1 98
0 6
0 17
-1 47
0 1
0 2
0 60
+1 85
-1 30
-1 16
-1 -26
+1 -18
+1 -99
+1 -7
+1 -84
-1 8
0 41
-1 -54
-1 14
-1 72
0 42
-1 35
-1 66
-1 -67
+1 30
0 25
0 42
+1 -30
-1 -93
-1 -12
+1 -46
0 36
0 41
+1 -25
-1 -15
-1 6
-1 65
+1 13
-1 -9
0 8
-1 91
0 44
+1 15
-1 -49
-1 21
+1 58
0 16
+1 -98
0 12
+1 51
-1 63
-1 -84
0 3
+1 93
-1 -67
-1 87
+1 50
0 30
0 28
+1 51
0 28
+1 37
+1 55
0 35
+1 6
+1 65
0 61
+1 90
-1 -78
0 12
-1 40
-1 22
+1 92
0 15
-1 86
-1 -89
-1 -12
0 42
+1 51
0 42
-1 74
0 40
-1 -100
0 47
+1 -4
0 14
-1 68
+1 17
-1 73
+1 39
+1 -98
-1 -25
-1 22
-1 -57
-1 94
+1 -36
+1 -90
-1 86
+1 2
+1 -64
0 14
+1 10
+1 -34
-1 45
+1 30
0 4
0 17
0 51
-1 93
+1 -25
-1 -22
+1 -25
0 42
0 25
+1 64
0 4
-1 64
+1 -55
0 7
+1 -62
-1 98
+1 43
-1 86
-1 36
+1 30
-1 -7
0 43
0 17
0 49
+1 51
+1 -3
0 55
+1 -91
0 7
0 17
0 9
-1 -78
+1 -84
-1 12
+1 32
-1 66
+1 13
0 18
-1 14
-1 65
+1 19
-1 79
0 45
-1 51
0 9
+1 13
0 25
0 7
+1 -98
0 56
-1 78
+1 -19
+1 -71
+1 -49
-1 41
0 5
+1 -30
-1 -62
+1 -80
0 49
-1 59
-1 1
+1 -65
0 40
-1 73
+1 -78
-1 -18
0 4
-1 -48
+1 2
-1 -100
+1 -39
-1 47
-1 89
-1 -91
0 24
0 39
-1 62
+1 -96
+1 32
+1 -13
+1 -42
+1 -82
-1 80
-1 1
+1 23
0 2
+1 -16
+1 85
-1 -61
-1 -8
0 13
+1 -68
+1 -85
0 10
+1 89
+1 -69
+1 -50
-1 87
-1 2
-1 36
-1 1
+1 -36
-1 30
+1 -67
-1 -72
-1 44
+1 15
+1 73
0 30
+1 -21
+1 -14
+1 63
0 44
0 9
+1 -60
-1 -63
-1 -41
0 29
0 8
0 52
+1 66
-1 -81
-1 87
-1 -21
+1 -90
-1 -21
+1 -19
0 4
+1 14
-1 90
+1 35
-1 -30
0 17
0 50
-1 84
+1 -12
+1 52
-1 11
0 37
-1 72
0 51
0 7
+1 -82
0 58
0 36
0 7
0 5
0 11
-1 -14
0 26
-1 -53
+1 -18
-1 -43
0 10
+1 -44
-1 81
0 60
+1 56
0 35
0 28
0 11
0 43
0 16
-1 -38
-1 -62
0 5
+1 23
-1 -61
0 27
-1 31
-1 1
0 18
0 30
+1 -78
0 42
+1 67
+1 97
-1 -3
-1 32
0 44
-1 -83
+1 37
+1 -9
-1 -47
-1 -75
+1 -27
+1 -66
+1 -35
+1 14
0 53
-1 83
+1 -69
0 41
0 58
+1 -53
+1 -3
-1 -13
+1 62
-1 -85
0 16
0 7
-1 84
0 54
0 62
0 50
+1 -97
+1 -72
0 38
-1 -5
-1 -88
+1 13
-1 97
0 55
0 62
0 31
-1 -99
+1 -16
-1 33
-1 78
+1 -62
-1 -29
-1 95
-1 64
-1 -64
-1 -100
+1 -98
0 53
0 18
+1 41
0 5
0 60
0 7
+1 -31
+1 -11
0 32
0 11
0 23
0 52
+1 33
0 47
-1 9
0 18
-1 87
0 53
-1 -99
+1 6
0 3
0 26
+1 -86
+1 6
+1 -77
-1 63
0 32
+1 -40
-1 51
+1 71
0 54
+1 91
+1 60
-1 76
+1 48
-1 -48
+1 46
-1 78
0 55
0 54
0 60
-1 -19
0 10
-1 66
+1 -65
+1 -51
+1 59
+1 93
0 31
0 43
0 37
0 4
+1 -10
+1 99
-1 -35
+1 14
0 52
0 41
0 47
-1 65
0 17
+1 43
+1 87
0 40
0 12
+1 5
+1 23
0 58
0 6
0 45
-1 34
-1 0
0 40
-1 44
0 65
0 38
-1 -33
0 22
+1 -93
0 15
0 4
0 64
0 32
+1 88
+1 -61
-1 -79
0 66
+1 -15
+1 -15
-1 97
0 58
0 49
-1 -37
+1 -58
0 8
-1 -44
-1 -8
-1 -76
+1 35
-1 -71
0 6
0 68
+1 -26
0 67
-1 -22
-1 -84
0 26
0 60
-1 80
-1 45
+1 -90
+1 -77
+1 -43
-1 -55
0 53
0 53
-1 -24
0 25
-1 -83
-1 9
+1 94
0 55
+1 36
0 32
+1 -50
+1 -68
+1 -8
+1 97
0 47
0 34
+1 49
-1 83
+1 -63
0 13
0 20
-1 79
-1 -29
+1 64
+1 -16
0 70
-1 70
-1 -24
+1 -28
0 29
0 45
+1 37
-1 -97
0 7
-1 16
0 38
0 41
+1 59
+1 37
+1 -8
0 42
0 71
+1 -29
+1 28
0 71
-1 -70
+1 -73
-1 -34
0 5
+1 -11
+1 66
0 47
-1 81
-1 -13
0 51
+1 -4
0 37
-1 98
+1 62
0 31
0 65
-1 -94
0 51
-1 -82
+1 70
+1 -35
0 54
-1 -40
-1 57
-1 -61
0 38
+1 -33
0 3
0 39
-1 -74
0 63
+1 -86
0 34
0 47
-1 -17
-1 23
-1 62
+1 -81
+1 -53
-1 79
0 18
0 6
-1 16
+1 -90
+1 -47
+1 -45
0 1
-1 -66
-1 69
+1 -34
0 56
-1 44
-1 -76
-1 73
-1 -62
-1 23
0 25
-1 -78
-1 -85
0 27
+1 -62
-1 -12
0 6
0 18
+1 -72
0 11
0 8
-1 9
+1 80
-1 43
0 43
-1 -70
+1 -33
0 23
-1 -63
0 35
0 45
0 19
-1 78
+1 -47
-1 26
+1 -41
+1 70
-1 -88
+1 -45
+1 99
+1 25
+1 80
-1 46
-1 -10
0 63
-1 -84
0 63
+1 60
-1 -2
0 59
+1 22
0 10
+1 -95
-1 66
0 47
-1 10
+1 -12
0 40
0 12
-1 -35
0 58
-1 56
-1 2
+1 48
0 51
0 5
0 19
-1 62
+1 94
+1 37
-1 78
-1 -6
+1 87
+1 -49
+1 10
0 9
0 43
+1 99
0 54
0 48
+1 70
+1 -51
-1 -99
0 6
0 8
-1 -25
0 50
0 34
-1 16
+1 -4
+1 -21
0 47
-1 76
0 25
-1 34
+1 61
0 31
0 39
-1 87
0 49
+1 -41
0 40
+1 -81
-1 93
-1 -50
-1 41
0 27
+1 -19
-1 -17
+1 66
+1 -65
0 25
+1 -99
0 62
+1 -20
0 61
+1 78
0 53
0 62
+1 -51
-1 -56
-1 66
+1 -36
+1 15
+1 -26
0 58
+1 -97
-1 24
-1 -49
-1 60
+1 81
0 8
-1 -4
-1 71
-1 -74
-1 89
0 45
+1 -13
+1 70
+1 3
0 34
+1 89
+1 -34
0 9
0 47
+1 -45
+1 84
+1 36
-1 84
0 21
0 9
-1 -41
0 33
+1 -32
-1 -24
+1 80
+1 -60
+1 16
+1 -40
-1 0
0 66
0 68
-1 -34
0 14
+1 88
0 53
+1 -63
+1 -24
+1 -49
+1 -85
0 57
0 67
+1 20
-1 -44
+1 -24
0 5
-1 -82
-1 -58
-1 33
0 51
-1 -82
0 30
-1 -77
+1 8
-1 0
-1 60
+1 -97
0 2
-1 85
0 10
+1 -57
-1 -17
0 9
+1 38
-1 54
-1 97
+1 -48
+1 15
+1 -89
-1 12
+1 -26
+1 -70
0 60
0 12
+1 53
+1 -25
0 14
0 68
+1 -8
-1 -43
-1 28
0 57
+1 -90
+1 -3
0 47
-1 -96
-1 47
+1 -98
0 31
-1 -56
-1 57
-1 -11
+1 68
+1 -42
-1 84
+1 17
+1 4
-1 -73
+1 87
-1 -58
0 1
+1 -65
0 44
0 7
+1 34
+1 91
-1 32
-1 -60
+1 66
0 3
+1 66
+1 64
+1 77
+1 -38
+1 60
-1 -6
0 43
-1 22
+1 -58
-1 -51
+1 -59
+1 18
0 25
+1 -43
0 79
-1 -3
-1 2
-1 -80
0 3
0 72
+1 12
+1 15
-1 54
+1 -87
-1 90
-1 30
0 5
-1 4
0 56
0 77
0 82
+1 40
0 23
-1 31
+1 63
+1 -74
-1 36
+1 -78
+1 -14
+1 2
+1 46
+1 -1
-1 -66
-1 -8
0 79
+1 10
-1 7
-1 42
+1 84
0 81
0 67
0 73
0 78
-1 21
-1 36
+1 61
+1 34
-1 -97
0 22
0 44
-1 -45
0 25
+1 -99
-1 48
-1 -23
0 45
+1 -25
-1 52
-1 -66
0 70
0 79
+1 -88
+1 -68
+1 -86
+1 99
-1 3
0 85
+1 -73
-1 21
-1 -62
-1 84
-1 28
-1 73
0 36
+1 -55
0 56
+1 -88
+1 -94
+1 -98
-1 -12
0 42
+1 -100
-1 -49
+1 27
-1 -86
-1 72
-1 71
-1 86
0 5
-1 77
-1 13
-1 -39
-1 -73
+1 23
-1 44
0 8
0 53
+1 -11
+1 34
0 62
-1 -96
+1 68
+1 52
+1 87
0 77
+1 -12
0 9
+1 -54
-1 -36
+1 -39
0 31
0 44
+1 -59
-1 -97
-1 93
-1 -61
0 27
-1 -50
+1 -97
+1 -9
+1 34
-1 -55
-1 -40
+1 41
0 17
+1 58
-1 95
-1 -44
+1 46
0 39
-1 -100
0 43
0 4
0 5
0 12
0 41
0 23
-1 11
+1 45
0 79
+1 27
0 79
0 62
+1 -97
0 64
-1 79
0 16
-1 -82
+1 -33
0 80
-1 56
+1 20
-1 79
+1 58
0 5
+1 -58
-1 -72
-1 -20
-1 -89
0 4
0 39
+1 19
0 20
-1 -69
+1 20
+1 52
+1 94
0 37
0 34
-1 -6
-1 18
-1 -1
0 9
0 30
0 4
-1 25
-1 14
+1 0
-1 -51
0 71
-1 54
+1 -94
0 57
0 36
-1 -37
+1 -42
+1 3
-1 -81
+1 -72
+1 -98
0 34
0 67
-1 29
0 1
+1 38
+1 -37
+1 46
-1 -40
0 53
+1 -90
0 25
+1 41
-1 -49
-1 -45
0 8
0 34
+1 76
0 14
+1 -36
+1 48
-1 -26
0 47
0 35
-1 57
+1 24
0 10
+1 -68
0 84
+1 68
-1 -87
+1 64
+1 45
-1 67
+1 -41
-1 -23
-1 -40
+1 -15
0 34
+1 28
0 36
-1 -18
0 25
-1 66
+1 -49
-1 -1
-1 48
+1 -9
-1 -7
-1 -22
-1 69
0 52
0 6
0 3
-1 -49
-1 78
-1 -4
0 59
0 12
+1 41
+1 -14
+1 -62
+1 36
0 13
-1 95
-1 84
+1 -76
0 14
0 79
0 75
-1 44
-1 -2
-1 -38
+1 43
-1 -13
-1 -59
-1 9
-1 66
+1 64
-1 -61
0 35
-1 -29
0 65
+1 70
0 5
+1 -64
0 74
-1 25
-1 86
-1 27
+1 100
0 61
0 61
-1 20
0 38
-1 7
+1 96
+1 -72
-1 -4
-1 62
0 26
-1 -88
+1 -95
-1 62
+1 51
+1 -75
+1 89
-1 -41
-1 -81
+1 49
0 17
0 73
-1 30
-1 35
-1 93
-1 -21
-1 57
0 12
0 40
+1 -19
0 14
-1 -59
-1 17
-1 -53
-1 64
-1 27
-1 26
-1 -82
-1 56
0 17
+1 -28
-1 -38
+1 -100
-1 30
0 20
+1 -41
0 44
-1 -16
+1 -68
-1 -24
+1 18
+1 -60
0 48
-1 -94
-1 -29
0 38
+1 10
-1 82
0 57
+1 32
0 7
0 46
0 47
0 17
-1 -98
+1 69
+1 22
+1 27
0 2
0 20
+1 38
-1 39
-1 35
0 1
+1 37
-1 9
+1 93
-1 -20
-1 -81
0 26
-1 96
+1 -97
-1 1
-1 72
-1 -97
-1 -34
0 11
0 31
0 37
-1 -28
-1 96
0 25
0 43
0 1
0 21
0 49
-1 28
0 1
+1 50
-1 96
-1 -75
+1 -40
0 5
0 21
-1 -39
-1 95
+1 58
-1 -10
+1 -35
0 53
+1 -42
+1 77
-1 32
-1 -97
0 28
-1 43
0 43
+1 77
+1 -30
-1 -59
+1 -42
-1 -37
0 20
0 24
+1 58
0 50
0 30
0 12
+1 -71
-1 64
0 10
+1 -25
+1 -56
+1 -86
0 32
0 19
0 55
+1 -66
-1 -95
0 55
0 7
+1 74
-1 -58
-1 29
+1 84
0 46
0 24
0 31
0 4
+1 11
0 37
0 2
-1 8
+1 6
-1 54
+1 46
+1 -94
+1 -64
+1 34
+1 -56
+1 -27
-1 -41
0 46
+1 -6
-1 45
0 14
+1 -46
-1 -42
0 23
-1 77
+1 -70
-1 68
0 41
0 29
0 6
0 33
0 60
+1 70
-1 43
-1 -24
+1 52
-1 -97
+1 20
+1 -32
-1 51
-1 3
-1 6
-1 54
-1 15
-1 69
0 46
-1 -99
-1 -7
-1 -24
-1 -92
0 31
+1 63
-1 -98
0 5
+1 -52
0 43
-1 -87
-1 -14
0 22
-1 -44
-1 100
+1 1
-1 85
-1 85
+1 -63
0 28
-1 28
-1 -40
0 1
0 7
-1 -26
0 42
-1 -28
0 24
-1 59
+1 49
0 29
0 20
+1 91
0 20
+1 -19
+1 44
+1 59
+1 -86
+1 -52
+1 -57
-1 -65
0 13
0 1
-1 -92
+1 16
0 28
+1 -10
0 49
0 39
+1 79
-1 -62
-1 39
-1 -74
-1 18
0 49
-1 -96
0 18
+1 -56
0 38
+1 92
+1 -24
-1 -7
0 44
+1 99
+1 -19
+1 -91
0 18
-1 -32
0 13
0 46
+1 -63
+1 -28
0 28
0 43
0 6
0 44
0 22
-1 -4
0 11
0 4
0 35
+1 56
-1 -73
0 10
+1 -83
+1 -26
-1 38
-1 3
+1 51
+1 92
+1 -5
+1 -19
-1 -43
+1 50
0 31
-1 50
-1 46
0 43
0 9
-1 -99
+1 80
+1 -84
+1 38
+1 -93
-1 87
+1 7
0 45
+1 -12
0 58
-1 -85
+1 85
0 57
+1 -82
+1 -8
0 11
+1 35
0 54
0 45
+1 25
0 4
+1 82
+1 25
-1 -5
-1 35
-1 -25
-1 22
+1 -33
-1 -10
0 13
+1 -92
-1 -45
0 48
+1 -94
+1 88
0 1
-1 -100
0 9
0 21
-1 83
+1 -74
-1 -93
+1 59
-1 -12
0 8
0 42
-1 41
+1 -30
0 55
-1 -28
+1 27
0 13
-1 -19
0 24
0 34
0 38
+1 95
0 44
-1 -22
+1 -79
-1 25
-1 -77
+1 -85
-1 -59
-1 -97
0 54
0 39
0 18
+1 -57
-1 -93
-1 16
+1 26
+1 82
0 6
+1 -19
+1 76
+1 -9
0 55
-1 5
-1 64
+1 -68
0 60
0 29
+1 82
-1 -41
0 39
-1 -27
-1 52
-1 18
0 23
-1 -96
+1 88
+1 100
+1 26
-1 -59
+1 -26
0 12
0 30
0 19
0 35
+1 24
-1 8
+1 2
-1 42
-1 -37
0 55
-1 1
+1 71
-1 -19
-1 55
-1 -74
+1 -18
0 3
-1 47
-1 -60
0 23
+1 -79
0 41
0 41
-1 -63
0 26
+1 39
+1 87
+1 -38
+1 -76
-1 83
0 1
+1 69
0 32
-1 -91
+1 62
0 10
+1 89
-1 55
-1 -20
0 48
0 3
-1 67
+1 42
0 3
+1 -2
0 1
-1 77
0 1
0 44
+1 47
+1 -79
+1 7
0 15
+1 -51
+1 -97
+1 -75
+1 72
-1 11
-1 -20
-1 14
-1 -35
-1 50
+1 -49
+1 -32
-1 -18
-1 -3
+1 72
+1 -4
0 56
-1 -87
-1 -14
+1 58
-1 17
+1 -12
-1 17
+1 -49
0 53
+1 70
0 9
-1 52
-1 -50
+1 -78
0 24
-1 -81
0 25
+1 -28
0 18
+1 3
-1 96
+1 -10
-1 67
-1 -20
-1 -49
0 43
0 24
-1 -19
0 27
0 54
+1 28
0 44
0 12
+1 -57
+1 -91
+1 -87
0 4
-1 14
+1 94
0 7
+1 95
-1 30
-1 37
-1 -89
+1 48
+1 -65
-1 44
-1 58
+1 33
0 18
+1 -55
0 32
0 38
-1 89
-1 0
0 37
+1 -68
+1 88
0 45
-1 -50
+1 29
0 51
+1 -95
+1 -27
0 46
+1 -89
+1 63
+1 -55
-1 52
+1 83
+1 86
0 40
+1 95
0 2
+1 85
-1 56
0 18
-1 -34
+1 -90
0 17
+1 -68
0 45
+1 26
-1 -18
0 24
-1 50
-1 73
-1 70
0 36
0 20
+1 93
+1 -45
0 35
0 44
0 1
+1 95
+1 15
0 36
+1 68
-1 14
+1 51
+1 83
0 40
-1 56
0 73
0 50
0 23
+1 -6
+1 -92
0 25
-1 47
+1 -32
0 15
-1 5
0 30
0 2
-1 48
0 61
+1 38
+1 56
0 35
-1 93
-1 57
0 22
0 19
0 70
+1 -52
-1 -9
0 44
+1 9
0 10
-1 75
+1 -10
-1 74
0 65
-1 28
0 72
0 66
0 20
+1 90
0 61
0 37
0 32
0 3
+1 -24
0 4
0 55
+1 44
-1 -8
-1 40
-1 -76
-1 -79
+1 73
+1 -35
-1 -32
-1 -60
-1 40
0 38
0 12
+1 59
-1 49
+1 95
-1 -25
+1 50
+1 -62
+1 -31
0 13
-1 58
+1 24
+1 100
-1 -99
0 60
-1 -99
+1 -36
+1 -64
0 51
-1 18
0 44
+1 20
-1 4
0 13
+1 22
-1 47
+1 39
0 43
-1 35
-1 -29
0 35
+1 34
+1 46
+1 -46
+1 39
-1 13
+1 -84
+1 91
-1 21
0 72
-1 41
0 63
+1 -81
0 39
+1 -69
-1 -84
+1 73
-1 -53
-1 56
-1 33
0 45
-1 -48
+1 -75
0 53
-1 -98
+1 34
-1 -73
+1 87
-1 -90
+1 88
-1 -77
0 33
0 57
-1 -56
-1 -39
0 30
+1 97
0 54
-1 -57
+1 45
0 66
0 19
+1 36
-1 -49
0 24
-1 -87
0 10
-1 -84
-1 5
+1 -89
-1 -61
0 56
+1 -73
-1 -67
-1 96
-1 -16
+1 41
0 66
0 66
0 27
+1 -85
+1 -4
-1 10
-1 4
+1 54
0 4
-1 -63
-1 76
+1 51
+1 92
-1 -28
+1 26
-1 66
0 41
+1 -73
0 19
-1 76
0 19
+1 -23
-1 -14
0 33
0 23
+1 71
0 12
+1 -79
-1 19
-1 60
-1 -45
+1 30
-1 39
0 30
+1 34
+1 -54
+1 37
0 44
+1 -56
+1 -56
0 57
+1 5
0 27
-1 -33
+1 -25
+1 -72
+1 74
0 24
+1 59
-1 -82
0 35
0 75
+1 6
-1 4
+1 -51
0 34
-1 85
0 60
+1 -54
-1 -59
-1 40
-1 -19
+1 -8
0 25
0 5
+1 71
+1 -3
0 1
+1 66
0 54
-1 27
+1 -49
0 26
-1 63
+1 -2
0 25
0 42
-1 -90
+1 74
-1 4
+1 -94
+1 46
-1 -38
+1 -45
+1 -84
0 67
+1 -10
+1 -100
-1 67
+1 6
0 51
+1 86
-1 76
+1 -68
-1 0
0 52
+1 -55
-1 -23
-1 24
+1 19
+1 -92
+1 -9
-1 75
-1 6
+1 -4
0 64
0 78
+1 -76
-1 61
+1 -14
0 51
+1 -74
0 77
0 34
+1 95
+1 -70
+1 -72
0 76
-1 -31
-1 88
0 29
+1 52
0 33
0 10
-1 31
-1 -66
-1 -61
+1 74
-1 -92
-1 67
0 23
0 22
-1 98
-1 22
0 57
0 6
0 29
+1 35
0 68
-1 63
-1 -47
+1 -1
+1 -45
-1 9
+1 -28
+1 69
-1 -79
0 51
0 41
0 9
-1 -76
0 1
+1 -61
0 55
0 41
-1 -99
0 19
+1 0
0 23
-1 95
0 71
0 30
0 9
+1 -78
+1 -15
-1 19
-1 42
+1 -73
+1 -6
0 58
0 9
0 53
+1 89
-1 40
-1 10
0 5
0 45
+1 28
0 36
+1 52
-1 -77
0 79
0 77
0 6
+1 -8
0 35
-1 -27
0 69
-1 -39
-1 -24
-1 -78
+1 -14
-1 52
+1 35
-1 -24
0 7
-1 -69
0 17
-1 -16
-1 -34
0 12
+1 -76
-1 -31
0 49
-1 53
0 40
+1 -3
+1 -87
0 64
-1 -12
-1 -43
0 20
-1 -36
-1 -32
-1 84
0 66
-1 0
0 71
-1 21
+1 42
-1 51
+1 -6
-1 96
+1 -46
-1 52
+1 -81
0 38
+1 93
+1 34
+1 -80
0 33
0 3
+1 100
-1 -57
+1 77
-1 -66
-1 -10
+1 21
-1 94
0 13
-1 -71
-1 -53
-1 -39
-1 8
-1 92
0 44
-1 -24
-1 -59
0 12
0 60
+1 -82
0 67
0 50
0 8
-1 89
+1 -45
+1 -8
0 7
-1 -66
-1 -52
+1 71
0 23
0 40
0 18
-1 -5
0 14
0 45
0 11
0 46
+1 -97
-1 4
0 57
0 31
+1 99
-1 3
-1 15
+1 54
0 18
0 55
0 36
-1 -100
+1 68
+1 -30
0 42
0 50
+1 -99
-1 -18
+1 -86
0 61
-1 40
+1 34
-1 92
0 25
-1 -1
0 49
+1 -29
0 30
0 64
-1 63
+1 -69
0 37
+1 -40
-1 30
+1 96
-1 -42
+1 86
+1 -7
+1 -69
-1 62
+1 -71
0 50
0 12
0 6
+1 81
0 58
0 1
0 18
+1 -86
0 60
+1 65
0 63
+1 21
-1 -5
0 73
+1 -84
+1 -17
0 42
-1 0
0 44
+1 -74
+1 -24
-1 65
0 20
-1 20
-1 -41
+1 55
-1 -77
+1 -19
-1 47
0 6
0 43
+1 46
-1 -57
0 56
-1 71
-1 -23
0 23
+1 77
-1 -47
+1 6
-1 -18
-1 70
0 13
-1 -13
0 3
+1 -69
-1 -55
-1 -47
0 59
-1 -52
+1 -100
+1 -78
+1 34
-1 38
-1 -71
0 38
0 62
+1 -99
+1 -45
-1 -96
-1 27
-1 51
0 41
+1 -14
0 45
+1 -25
0 51
0 22
-1 -12
0 20
0 16
0 14
0 67
0 31
0 26
-1 -73
+1 76
-1 7
-1 -11
+1 -17
-1 -42
0 33
+1 -3
-1 -22
0 49
-1 -82
+1 81
-1 -67
+1 88
0 6
+1 95
-1 37
-1 -40
0 60
-1 -94
+1 43
0 64
-1 26
+1 4
0 54
0 59
0 37
-1 -63
-1 -84
0 46
0 22
-1 -5
+1 5
+1 -65
-1 77
+1 89
0 6
+1 -79
0 57
+1 -9
0 16
+1 53
0 3
+1 58
-1 6
0 59
0 3
-1 83
+1 -87
-1 91
-1 -28
0 44
+1 -56
0 49
0 48
-1 56
-1 76
+1 -32
0 22
-1 -88
+1 85
0 39
-1 41
+1 7
+1 -78
-1 -96
+1 -61
+1 81
+1 -71
-1 27
0 22
+1 47
+1 -54
+1 -16
+1 83
0 67
+1 -92
0 16
-1 65
-1 -49
+1 -43
0 3
0 64
0 48
-1 -76
+1 -31
0 10
-1 32
-1 31
+1 -43
+1 -74
0 12
0 35
+1 26
0 6
-1 -64
0 27
-1 -12
-1 -68
0 20
-1 -68
+1 -4
-1 -79
+1 -86
-1 -76
0 47
0 10
-1 66
0 41
0 42
0 50
0 9
-1 -94
+1 39
+1 38
0 45
0 27
0 34
+1 21
-1 87
-1 -58
-1 37
0 37
-1 27
-1 -22
+1 -22
0 39
-1 -41
-1 86
-1 -51
-1 -46
-1 100
0 30
0 3
0 24
0 17
+1 3
+1 -7
0 19
-1 -1
0 52
-1 -7
+1 -22
+1 15
-1 -64
0 59
+1 -18
0 44
+1 -1
+1 40
+1 22
+1 -1
-1 -13
+1 39
0 48
+1 61
-1 -74
0 4
-1 -22
+1 -10
+1 13
0 32
-1 -32
-1 -67
-1 -25
0 53
0 20
0 42
0 26
0 48
+1 -34
-1 32
0 27
-1 -61
+1 10
+1 -97
0 39
0 3
+1 -91
-1 85
+1 68
-1 71
0 15
+1 10
0 34
+1 61
+1 35
-1 83
-1 -85
-1 32
+1 42
+1 6
+1 12
-1 75
+1 29
-1 -73
+1 5
+1 -28
0 14
+1 -47
-1 79
0 8
+1 -33
+1 36
0 57
+1 -46
-1 48
+1 0
+1 14
+1 41
+1 -73
+1 -37
+1 -75
-1 65
-1 -100
0 8
-1 43
+1 -93
-1 -68
0 71
-1 -28
0 34
0 1
0 48
+1 -57
-1 32
-1 -49
0 16
+1 -30
+1 -87
-1 -14
-1 74
-1 -19
+1 -26
+1 -27
-1 -7
+1 97
+1 36
+1 -28
0 18
0 5
0 19
0 17
+1 38
-1 -67
+1 -11
+1 -77
-1 -99
+1 -63
+1 96
-1 98
-1 -95
0 30
+1 -88
+1 -75
-1 -36
-1 -20
+1 42
-1 76
0 50
+1 -93
0 26
-1 58
-1 -11
+1 -58
-1 4
+1 -9
-1 -58
+1 86
-1 71
0 39
-1 80
-1 48
-1 64
-1 61
-1 -91
0 33
0 5
-1 -31
+1 -30
-1 -83
0 56
0 26
-1 -42
-1 82
+1 86
+1 84
0 2
+1 -54
0 19
+1 -2
-1 -12
-1 15
-1 35
-1 26
-1 -46
-1 -71
+1 100
+1 54
0 65
0 56
0 67
0 54
-1 -13
0 51
0 3
-1 8
-1 78
0 8
-1 56
+1 47
+1 -40
-1 43
0 34
+1 -12
0 12
+1 -37
-1 90
+1 3
-1 32
0 35
-1 -61
+1 -64
+1 -77
0 52
-1 -37
+1 44
0 46
-1 100
-1 -27
-1 95
0 44
0 13
0 37
-1 -93
-1 -58
+1 27
0 7
0 5
-1 58
0 18
+1 -72
-1 26
-1 49
0 10
0 40
+1 17
+1 6
-1 -50
+1 -99
-1 46
0 61
0 49
0 42
-1 26
0 6
-1 53
-1 -14
0 9
+1 -80
+1 -4
0 53
0 12
0 59
-1 91
0 9
+1 79
-1 1
0 17
0 4
+1 81
-1 41
-1 -11
0 48
-1 -19
-1 -84
0 55
0 51
+1 70
0 28
-1 -28
-1 -42
+1 47
-1 53
-1 2
0 44
-1 33
-1 -40
+1 28
-1 -11
-1 -21
+1 60
-1 -53
-1 -49
-1 0
+1 -73
-1 58
+1 -26
0 33
+1 79
+1 43
-1 -78
+1 5
-1 -83
0 32
+1 -41
-1 -24
-1 -48
+1 -6
+1 13
-1 -79
-1 27
+1 -34
0 49
+1 26
+1 -84
-1 72
+1 29
+1 6
0 20
-1 34
+1 -50
0 39
0 3
-1 -12
-1 12
0 32
0 40
-1 80
-1 99
-1 57
+1 81
0 7
-1 66
-1 17
0 40
0 11
+1 -57
0 42
-1 -31
-1 -98
0 10
-1 58
+1 9
+1 -16
+1 -77
+1 97
-1 -63
+1 30
-1 -54
+1 65
+1 -53
-1 33
0 20
+1 64
0 30
0 34
0 1
0 13
-1 -24
0 14
0 30
-1 8
-1 61
-1 23
-1 -99
+1 54
-1 -12
+1 -26
0 15
-1 -82
-1 -50
0 27
+1 42
0 29
+1 87
0 11
-1 40
+1 -95
-1 27
-1 -39
0 18
-1 -12
-1 11
-1 -67
-1 -5
0 30
0 22
+1 96
0 5
-1 22
-1 -99
0 6
-1 36
0 17
0 26
-1 -43
-1 -4
0 7
-1 -67
-1 -31
+1 -82
0 36
-1 -100
0 33
-1 51
+1 -48
-1 39
-1 30
0 2
-1 81
0 29
-1 -94
+1 11
+1 31
+1 44
0 5
-1 -3
+1 31
-1 21
-1 1
-1 83
-1 -21
0 16
0 30
-1 -97
-1 -55
+1 81
+1 -61
+1 16
0 26
0 13
-1 48
-1 -66
+1 -85
-1 97
-1 6
-1 -86
-1 38
+1 44
+1 10
0 22
+1 -92
+1 16
+1 -7
0 26
+1 82
0 24
-1 -47
+1 -35
-1 -94
+1 49
0 16
0 21
-1 63
0 1
+1 -56
+1 83
+1 -14
-1 -14
+1 65
+1 67
+1 17
0 9
0 28
+1 -60
0 31
+1 -40
0 30
-1 62
+1 -2
+1 60
-1 52
0 3
0 7
0 33
-1 -52
+1 75
+1 4
-1 17
0 16
0 8
0 33
-1 -66
+1 46
-1 82
0 32
-1 -91
-1 79
0 10
-1 96
-1 68
+1 7
+1 -3
0 23
+1 -52
-1 83
-1 87
0 11
+1 56
-1 98
+1 63
0 4
+1 94
-1 27
0 6
-1 19
+1 99
-1 -22
-1 -53
+1 -58
-1 72
+1 -35
0 18
0 30
-1 -29
-1 -11
+1 26
-1 -44
0 11
-1 -28
0 12
-1 94
0 24
+1 -97
0 7
-1 23
-1 76
+1 14
-1 -66
+1 -52
0 16
0 14
+1 80
0 6
0 2
0 6
+1 74
+1 46
0 32
0 18
+1 84
0 12
+1 -38
-1 28
+1 52
0 29
0 10
+1 16
+1 10
-1 77
0 9
-1 34
+1 62
-1 83
+1 13
0 17
0 23
0 6
-1 -40
+1 37
+1 -100
-1 -7
-1 -36
-1 -82
-1 -34
-1 -72
+1 -27
+1 86
-1 -39
+1 -89
+1 -92
-1 23
-1 29
0 25
+1 45
+1 -4
-1 47
0 8
0 11
0 13
0 17
0 20
0 8
0 21
-1 -69
+1 -20
+1 -92
0 18
+1 47
-1 78
0 13
-1 -20
+1 0
+1 -14
-1 -74
+1 55
-1 51
+1 -16
-1 15
0 21
+1 -57
-1 82
0 24
0 31
0 1
-1 29
0 18
-1 30
0 18
-1 -99
-1 -95
-1 -63
-1 -28
+1 -84
0 25
+1 32
+1 32
0 25
+1 75
-1 -28
0 19
+1 6
-1 -27
0 9
0 5
+1 -79
0 8
0 18
+1 -32
-1 -73
-1 -66
0 30
+1 -5
0 6
-1 19
0 4
0 13
0 5
+1 98
0 11
0 18
+1 86
-1 -90
-1 70
0 17
0 3
-1 -41
-1 15
-1 -88
-1 -42
+1 91
-1 49
+1 2
-1 23
-1 -22
0 19
0 4
+1 22
+1 -84
+1 22
-1 -77
+1 -43
+1 -75
+1 -30
0 21
+1 -55
+1 -67
-1 -88
0 18
+1 -6
+1 45
+1 6
0 21
0 11
+1 26
0 24
0 36
+1 97
-1 99
-1 25
-1 68
0 24
0 16
-1 -20
+1 -16
+1 28
-1 -88
0 17
+1 -17
0 11
-1 -37
-1 1
-1 -16
-1 -90
-1 -15
0 5
0 20
-1 30
-1 -85
0 11
-1 41
-1 59
+1 12
0 18
+1 12
-1 -81
-1 56
0 7
+1 -10
0 4
0 12
-1 -41
+1 -20
+1 26
+1 86
-1 18
+1 26
0 21
0 19
0 14
-1 -83
0 27
-1 -78
-1 -89
0 22
0 19
0 1
0 16
+1 -25
0 7
+1 -40
-1 35
-1 -19
+1 49
0 2
+1 13
-1 70
-1 56
0 26
+1 29
0 20
-1 -91
-1 25
0 5
+1 -47
+1 -29
0 18
0 26
-1 -47
-1 -100
0 11
+1 -38
0 25
0 7
+1 80
-1 60
-1 -11
0 17
0 22
0 19
-1 48
+1 -57
-1 36
0 15
+1 -41
+1 69
+1 -80
-1 87
-1 -96
-1 18
+1 6
0 20
-1 -44
+1 1
+1 98
-1 -91
+1 13
+1 79
-1 78
+1 -76
-1 9
0 20
+1 68
-1 -19
-1 -2
0 19
0 2
0 4
-1 -89
+1 98
+1 68
-1 80
-1 96
+1 86
0 21
+1 -55
+1 -81
-1 -70
-1 10
+1 -13
+1 -73
0 21
0 1
+1 64
+1 35
+1 86
0 25
0 31
0 29
-1 63
+1 -13
0 22
-1 -64
-1 84
0 4
-1 91
0 3
+1 51
-1 -22
0 9
+1 39
0 12
0 10
0 25
-1 -26
-1 89
-1 45
+1 99
+1 -11
0 5
+1 5
-1 31
0 4
0 28
+1 -54
-1 100
+1 -6
0 23
-1 -88
-1 48
-1 67
-1 -55
-1 -64
0 19
0 17
+1 -56
-1 -25
+1 -98
-1 24
+1 7
0 23
0 21
+1 18
-1 -37
-1 5
-1 39
-1 -86
0 13
+1 -64
-1 -63
+1 -80
+1 69
+1 -51
+1 -93
0 22
-1 82
+1 -51
+1 45
+1 21
-1 72
+1 16
0 1
-1 -70
0 18
0 9
-1 -60
0 13
-1 53
+1 10
0 7
0 13
0 20
+1 15
0 6
0 4
-1 -38
-1 -25
-1 -39
+1 -94
-1 -35
0 16
0 7
-1 -65
+1 -47
+1 -54
-1 86
-1 52
0 2
+1 56
0 21
0 1
+1 43
-1 80
+1 19
-1 67
+1 -97
-1 96
-1 84
+1 89
0 8
0 18
-1 41
-1 -46
0 13
-1 -80
+1 -92
+1 -54
+1 -21
0 5
-1 -90
-1 13
+1 68
-1 -76
0 3
0 9
-1 -80
-1 20
+1 -36
0 14
-1 -69
-1 -82
0 11
-1 -7
+1 -49
+1 88
0 4
+1 9
+1 30
+1 94
0 6
+1 94
0 11
+1 38
+1 49
-1 -9
+1 -85
0 2
+1 21
0 27
0 11
-1 -15
0 14
-1 82
0 2
-1 81
0 4
+1 -26
-1 92
+1 98
0 21
-1 47
-1 -40
0 15
-1 -98
0 18
-1 -15
+1 53
+1 -23
0 9
0 9
+1 97
-1 -49
0 12
0 12
+1 -67
0 22
-1 -55
-1 60
0 13
-1 -29
-1 31
0 8
-1 -40
0 6
+1 36
-1 -75
0 12
0 17
+1 19
0 9
-1 -12
-1 65
+1 -55
-1 13
0 15
-1 -49
0 8
+1 49
+1 57
-1 91
-1 -8
-1 -76
+1 91
-1 21
+1 82
0 12
-1 0
+1 92
-1 2
0 1
-1 38
+1 -33
-1 72
0 4
-1 3
+1 95
0 8
+1 -24
-1 22
0 9
0 3
0 6
0 4
0 13
+1 15
+1 52
0 1
+1 73
-1 73
-1 -80
0 3
0 9
+1 19
-1 -67
+1 -73
0 8
+1 71
-1 -63
-1 -13
0 9
0 7
0 6
0 10
-1 18
-1 15
+1 2
-1 -30
+1 -94
0 14
+1 66
-1 -47
-1 -48
-1 -75
0 7
+1 -26
+1 60
0 8
+1 -28
-1 10
-1 73
-1 -49
+1 -52
+1 82
0 11
+1 75
-1 -14
-1 -1
-1 -82
-1 18
+1 -10
0 6
-1 81
0 10
-1 -85
+1 -69
-1 27
-1 10
0 9
-1 68
0 5
-1 39
0 8
+1 53
0 8
-1 94
+1 -36
-1 -4
+1 -13
+1 -52
+1 -71
-1 38
-1 55
-1 -14
+1 -71
-1 -10
-1 36
+1 77
0 1
+1 94
-1 -64
+1 9
+1 -58
0 4
0 7
-1 -50
0 6
+1 26
+1 -43
+1 -17
+1 -29
+1 -26
+1 20
0 7
-1 -19
-1 99
+1 -26
-1 -98
-1 -92
0 9
-1 -31
+1 94
+1 -76
0 3
0 13
+1 -81
+1 100
+1 93
-1 -20
0 10
-1 -16
+1 56
+1 -78
+1 -98
+1 36
-1 -59
+1 -68
-1 54
-1 -69
+1 45
0 17
0 9
-1 -37
0 6
+1 3
-1 -3
-1 -82
0 9
+1 32
-1 -19
+1 71
-1 -53
+1 -91
+1 -24
0 1
-1 -9
-1 36
-1 42
0 11
+1 30
+1 71
-1 -67
0 4
+1 -28
0 1
0 8
0 5
-1 88
0 1
-1 32
+1 -26
+1 -48
0 1
+1 -21
-1 74
-1 18
0 12
-1 36
0 5
+1 -55
-1 77
-1 14
0 1
0 8
-1 44
0 2
-1 59
+1 44
+1 49
-1 97
+1 13
0 5
0 3
+1 -7
0 13
-1 -8
-1 11
+1 -21
+1 56
0 6
-1 41
+1 61
+1 -46
+1 37
+1 -59
-1 58
-1 -80
0 12
+1 -70
-1 -48
+1 24
+1 -7
-1 -86
-1 -1
-1 -84
+1 22
-1 -81
+1 -47
0 5
+1 -82
+1 81
-1 35
-1 -64
+1 -86
0 11
-1 15
0 9
-1 -4
-1 -76
0 4
0 7
-1 14
0 9
+1 46
+1 96
+1 -71
-1 49
+1 -29
+1 -25
0 8
0 14
+1 20
+1 -77
+1 -1
-1 -3
0 7
+1 28
+1 61
+1 -97
-1 -5
+1 90
0 21
0 12
+1 18
-1 90
-1 44
+1 45
+1 -5
-1 -55
-1 -3
+1 6
0 18
-1 27
+1 -56
0 10
0 13
0 16
+1 -96
-1 -33
0 5
-1 -95
-1 58
+1 -2
+1 -67
+1 -96
-1 -85
0 1
0 21
-1 93
0 8
+1 12
-1 -77
0 19
+1 -76
0 2
+1 -53
+1 73
+1 -2
+1 19
+1 27
+1 94
-1 -32
+1 -72
-1 13
+1 -69
+1 89
0 6
-1 -10
-1 31
0 8
+1 46
-1 -44
0 10
-1 55
+1 -12
+1 -76
-1 -50
0 21
0 13
+1 -6
0 21
-1 -44
+1 47
-1 -64
0 7
0 14
+1 -74
-1 36
0 17
0 8
+1 38
+1 -78
0 8
+1 10
-1 -10
0 18
-1 -34
0 27
0 22
+1 90
+1 27
0 29
0 8
+1 -17
-1 -17
+1 -85
-1 94
0 25
-1 88
-1 18
-1 -2
0 13
-1 38
-1 -84
0 1
-1 88
+1 87
-1 84
+1 -20
+1 86
0 22
+1 -7
+1 51
0 17
-1 -63
-1 93
-1 28
+1 -27
-1 8
+1 -14
-1 -34
0 5
0 16
0 6
-1 55
+1 18
-1 75
-1 -7
+1 18
0 10
-1 69
0 11
-1 -89
+1 42
-1 -64
+1 -9
0 15
-1 -86
-1 -11
-1 46
0 19
-1 -38
0 15
0 17
-1 19
0 7
+1 73
+1 76
-1 35
-1 -47
0 15
-1 29
-1 41
-1 27
+1 58
-1 84
+1 -77
0 5
+1 32
0 1
-1 20
-1 4
-1 -62
0 1
+1 -56
-1 64
-1 -27
+1 31
0 1
-1 42
0 5
-1 54
-1 42
-1 78
0 9
+1 -59
0 5
-1 4
+1 8
+1 -15
0 1
0 3
-1 7
+1 -69
-1 54
0 4
0 10
+1 45
+1 -58
+1 29
+1 80
0 4
+1 89
-1 30
-1 15
+1 99
-1 17
0 4
-1 22
+1 32
+1 -62
+1 -5
0 11
-1 -33
+1 50
-1 31
-1 -77
-1 -39
0 9
+1 -54
0 5
0 2
0 6
+1 42
+1 -66
-1 37
+1 14
-1 -84
0 13
+1 17
+1 88
-1 25
-1 53
0 9
+1 -54
-1 3
0 2
0 5
0 14
+1 -50
0 4
+1 22
-1 -41
-1 -60
+1 -31
+1 56
0 16
+1 -61
0 5
0 14
0 17
+1 -15
+1 4
-1 -81
-1 56
0 1
-1 -2
0 3
-1 -39
-1 -14
+1 9
+1 11
+1 -23
0 16
-1 84
+1 -8
+1 81
+1 -74
+1 -79
0 5
0 7
-1 86
+1 -31
-1 -12
-1 -98
0 17
+1 -31
-1 -28
0 6
-1 -14
+1 2
-1 92
+1 13
0 8
+1 67
+1 51
-1 -24
0 16
+1 -82
0 10
-1 52
-1 83
-1 -75
0 3
-1 -43
+1 -47
-1 29
+1 -93
+1 -94
0 5
+1 72
0 12
0 8
0 10
-1 1
+1 33
0 6
+1 5
-1 49
-1 -94
0 12
+1 -23
+1 66
0 17
0 9
+1 45
+1 78
+1 50
-1 0
0 7
0 20
-1 11
+1 -3
0 11
-1 7
0 1
0 18
0 11
+1 -24
+1 -82
-1 92
0 12
0 14
0 8
-1 -20
0 1
+1 47
+1 46
+1 -12
0 21
-1 42
-1 67
+1 39
0 19
-1 -42
0 4
-1 36
0 18
0 1
+1 -82
0 1
0 15
0 22
0 6
0 15
+1 90
0 20
-1 -75
0 9
0 2
+1 -29
0 22
-1 -19
-1 -48
0 3
-1 -40
-1 37
0 12
-1 94
0 16
-1 7
0 8
+1 -39
+1 17
-1 -14
0 6
-1 -2
-1 -88
-1 94
+1 92
+1 20
-1 -78
-1 -57
-1 44
0 3
+1 89
+1 -31
-1 -1
-1 74
+1 69
-1 0
-1 -75
-1 95
-1 15
0 6
-1 3
-1 6
-1 82
0 8
0 8
+1 -96
-1 61
-1 100
-1 66
-1 29
-1 86
+1 93
+1 -50
0 6
-1 -89
0 5
0 5
0 4
-1 -54
-1 23
+1 34
-1 74
0 1
-1 0
+1 80
0 1
0 3
+1 -90
+1 46
+1 51
0 5
0 1
0 2
-1 -39
0 1
0 2
0 3
+1 -16
-1 -22
+1 37
-1 -67
0 1
+1 -72
0 1
+1 49
+1 -24
0 7
-1 -68
0 6
+1 88
-1 -24
0 6
-1 43
-1 -34
-1 73
-1 -65
0 3
-1 44
-1 7
-1 92
+1 59
+1 4
+1 54
-1 -28
+1 -15
+1 75
0 4
-1 59
-1 -28
+1 90
0 1
0 1
+1 84
+1 78
+1 15
+1 -76
+1 88
0 6
+1 28
0 5
+1 -81
-1 92
0 9
+1 55
0 6
+1 -57
0 7
0 2
+1 57
0 1
0 12
0 6
+1 74
0 3
+1 74
0 9
+1 6
+1 4
+1 1
0 15
+1 31
+1 64
-1 83
0 16
-1 26
0 12
+1 14
+1 -97
-1 20
+1 97
-1 -69
+1 21
+1 -61
+1 53
+1 -72
-1 -95
0 18
0 18
+1 -93
+1 -37
+1 58
0 19
0 5
+1 84
0 12
0 13
+1 -69
+1 -22
+1 85
-1 96
0 12
0 17
0 18
+1 93
+1 82
0 26
0 27
0 9
0 19
+1 20
+1 74
-1 57
+1 -2
-1 29
+1 -87
+1 46
0 26
+1 -100
0 18
0 24
+1 20
0 28
+1 23
0 17
+1 64
-1 6
-1 89
+1 -70
+1 -71
+1 -95
+1 -75
+1 22
+1 -12
0 10
-1 38
0 5
+1 -10
+1 71
-1 19
+1 -45
0 4
+1 20
-1 -71
-1 -2
0 24
-1 -20
0 14
0 22
+1 38
0 29
+1 -52
0 39
-1 72
0 5
-1 -13
-1 -15
+1 -39
-1 21
-1 8
-1 -72
-1 -16
-1 -32
+1 69
+1 -59
-1 -38
0 9
0 30
0 23
0 4
0 20
+1 -88
+1 -70
+1 -49
-1 -6
-1 27
+1 -97
0 31
-1 -73
0 12
+1 33
-1 -8
0 14
-1 -65
+1 34
0 30
0 28
+1 -87
+1 9
0 24
0 27
-1 -3
+1 -77
+1 -51
+1 -5
-1 37
0 19
-1 -100
+1 52
-1 -25
+1 -61
+1 73
0 27
-1 23
0 28
0 33
-1 -8
+1 60
0 27
+1 -86
0 30
0 3
+1 53
-1 51
-1 -96
-1 -53
0 18
+1 -72
+1 85
+1 -69
0 37
+1 95
0 30
0 8
+1 -32
-1 -89
0 6
-1 50
-1 68
-1 79
+1 45
-1 -73
-1 -42
+1 -5
+1 -44
-1 46
+1 -49
-1 48
0 38
+1 62
0 24
+1 46
+1 1
-1 -98
+1 11
+1 85
-1 -100
-1 19
0 12
0 30
+1 90
+1 -15
+1 40
0 43
0 25
-1 74
+1 -24
-1 -61
-1 85
+1 -27
+1 69
0 23
+1 -32
0 12
0 42
+1 11
-1 -83
+1 28
+1 -34
0 10
+1 -37
0 22
+1 -59
-1 -61
-1 93
-1 95
0 38
+1 -60
0 10
+1 41
-1 -96
0 45
-1 23
-1 -47
0 15
-1 -44
-1 43
0 42
-1 8
-1 54
0 29
0 15
-1 94
-1 -90
+1 31
-1 -6
0 26
+1 15
-1 57
0 5
+1 -77
+1 99
+1 -13
+1 -60
-1 37
-1 27
+1 -98
-1 24
-1 37
+1 -99
0 10
+1 -63
-1 33
-1 12
0 23
-1 77
-1 10
0 14
-1 -49
+1 23
-1 -18
+1 97
+1 17
-1 -13
0 29
0 4
0 33
+1 -39
-1 -92
+1 61
0 15
+1 61
+1 -73
+1 31
+1 -81
0 22
-1 79
-1 69
+1 77
0 33
+1 -83
-1 -92
+1 11
+1 -29
-1 -22
0 38
0 30
+1 -53
-1 -92
0 6
+1 -39
0 36
0 3
0 4
-1 19
0 42
-1 -42
0 22
+1 -91
+1 6
-1 -5
+1 11
-1 54
-1 -22
-1 -79
-1 93
0 34
-1 -55
-1 -71
+1 93
-1 -29
0 18
0 1
0 36
+1 -53
-1 14
-1 -42
0 21
-1 47
0 28
+1 -91
+1 47
+1 79
0 16
-1 44
+1 71
-1 -73
+1 -38
-1 -44
0 15
-1 -70
+1 -87
-1 -62
-1 35
-1 13
+1 -22
-1 65
+1 68
0 16
+1 58
-1 -26
-1 -4
+1 -35
0 13
-1 100
-1 -83
-1 -11
-1 8
-1 -22
+1 -46
+1 57
+1 93
+1 -28
+1 -40
0 14
0 24
+1 8
0 1
-1 -10
0 28
-1 52
+1 16
-1 21
0 4
+1 59
-1 -56
+1 -56
0 4
0 22
+1 94
-1 67
-1 91
-1 -25
+1 18
-1 -86
-1 88
+1 14
0 33
-1 -62
-1 97
-1 -34
0 30
+1 -26
+1 -1
-1 24
0 18
0 17
-1 -51
-1 -47
0 17
0 1
0 15
-1 -98
+1 -9
0 14
+1 44
0 29
-1 14
0 30
-1 -44
+1 21
+1 -42
+1 54
+1 21
0 5
+1 -99
-1 64
0 24
+1 -100
-1 -25
0 33
0 1
+1 -38
-1 50
-1 51
+1 -97
+1 3
+1 -60
+1 -71
+1 -71
+1 53
0 33
-1 -32
-1 35
+1 -73
0 25
-1 78
0 22
-1 95
-1 52
-1 86
0 5
0 27
-1 9
0 3
-1 71
0 9
+1 -5
-1 5
+1 -39
0 17
-1 65
0 12
-1 89
0 16
+1 -16
-1 -58
+1 72
+1 3
0 15
+1 11
0 33
+1 57
-1 -12
+1 -61
-1 44
-1 -97
+1 99
-1 80
0 8
+1 35
-1 42
0 30
-1 29
-1 -65
0 9
+1 4
+1 91
0 6
-1 -45
-1 -6
0 24
0 18
0 28
-1 10
-1 -48
0 3
-1 -72
-1 -90
+1 -16
-1 75
-1 52
0 13
0 8
+1 -91
+1 -82
+1 -52
-1 81
-1 96
+1 1
0 5
-1 50
0 11
0 15
0 22
+1 29
+1 36
+1 -41
+1 4
0 10
-1 65
0 24
+1 47
0 17
0 29
-1 -25
+1 -73
+1 5
0 6
0 28
+1 -16
-1 -4
0 6
+1 74
0 15
0 13
-1 30
0 20
0 30
+1 -69
-1 74
-1 48
-1 98
0 9
+1 -74
0 15
-1 -82
-1 -21
+1 43
0 3
0 20
+1 -70
+1 -93
-1 -83
0 12
0 27
+1 -61
+1 -84
-1 -42
-1 95
+1 68
0 16
-1 -68
0 20
0 10
+1 -84
+1 31
0 19
0 19
+1 -74
+1 -32
-1 73
-1 12
-1 -49
0 27
+1 60
+1 -96
+1 52
0 14
0 17
-1 -58
-1 -28
-1 10
-1 37
+1 -33
0 11
0 3
+1 60
0 29
-1 99
0 29
-1 -40
0 13
+1 -25
-1 -19
0 22
-1 81
0 1
0 20
0 10
0 20
-1 61
+1 11
-1 100
0 12
-1 -8
+1 33
0 21
0 10
0 18
+1 99
+1 0
0 16
0 12
-1 -10
+1 88
+1 42
+1 -70
0 21
+1 -2
-1 -48
-1 56
+1 91
-1 -71
0 23
0 19
+1 21
0 12
0 19
0 1
0 18
0 24
+1 -21
-1 27
+1 -68
-1 -3
0 31
0 30
0 6
0 20
0 32
0 5
-1 -10
-1 54
0 19
+1 27
-1 17
+1 19
0 4
0 17
-1 -34
0 16
-1 98
-1 -25
-1 43
0 25
0 24
+1 -61
-1 -79
+1 32
0 14
0 10
-1 51
-1 -5
0 18
-1 70
+1 82
-1 75
0 4
+1 -59
+1 79
-1 65
-1 7
-1 15
0 11
0 5
+1 -31
0 14
-1 -81
-1 -33
0 12
0 4
+1 -60
-1 53
0 12
+1 -38
+1 47
0 20
0 21
+1 63
+1 -66
+1 -47
0 13
-1 37
+1 20
0 27
-1 58
-1 24
-1 -13
-1 69
-1 -67
0 18
+1 -67
+1 90
+1 83
0 3
-1 78
-1 28
0 11
0 21
-1 2
0 8
0 16
+1 93
-1 27
0 5
+1 39
0 9
-1 -100
0 5
-1 -6
-1 16
-1 14
+1 -51
-1 -47
+1 46
+1 -73
-1 -30
-1 23
+1 -40
0 10
+1 -21
+1 -65
0 16
-1 14
-1 36
+1 2
+1 23
+1 -26
0 10
0 14
+1 77
0 15
0 11
0 12
-1 59
0 15
-1 -61
+1 46
0 21
+1 78
0 11
0 5
0 20
+1 85
-1 49
-1 59
-1 96
-1 -21
-1 -13
-1 -88
-1 89
-1 94
+1 4
0 2
-1 17
0 12
+1 97
-1 16
0 12
+1 9
+1 25
+1 76
+1 -51
0 9
+1 -64
0 21
0 18
+1 27
0 9
-1 69
-1 -62
0 5
-1 97
0 18
+1 -95
+1 3
+1 7
0 19
-1 51
0 16
-1 -61
-1 -7
0 14
0 18
+1 -51
0 6
-1 50
-1 -53
+1 16
-1 25
-1 100
-1 11
+1 62
0 14
0 12
-1 -42
0 9
0 4
-1 -54
+1 -31
0 7
+1 -35
+1 -48
+1 -70
+1 -44
-1 9
+1 -48
-1 -74
+1 50
0 18
+1 8
+1 67
-1 20
+1 -7
+1 -43
-1 -57
-1 -46
-1 62
-1 -24
0 16
+1 -29
-1 83
+1 -8
-1 29
0 16
0 10
+1 -5
0 15
-1 -40
+1 -39
0 8
-1 -97
0 12
+1 2
0 11
+1 -79
+1 44
-1 40
-1 -86
-1 18
-1 -97
-1 -87
0 19
0 9
-1 26
0 14
-1 -76
0 3
+1 -49
-1 -91
-1 -9
0 12
0 2
+1 44
-1 -19
0 12
+1 68
+1 61
-1 99
-1 -84
-1 -39
-1 -96
-1 -82
0 3
0 11
-1 63
+1 40
+1 -10
0 8
0 11
0 1
0 5
0 2
0 8
+1 26
+1 80
-1 -84
-1 -29
-1 -77
0 5
-1 -59
0 3
+1 -17
0 4
+1 88
0 13
+1 -16
-1 38
+1 73
0 11
0 10
-1 4
-1 4
-1 7
-1 -99
0 8
+1 73
0 5
+1 65
0 4
0 3
0 13
0 12
-1 45
+1 33
0 2
-1 100
0 5
-1 90
+1 -42
0 10
-1 -20
-1 42
-1 -8
-1 54
0 6
+1 -22
-1 13
0 4
+1 36
0 3
+1 -41
0 9
+1 -73
0 4
0 5
-1 -65
0 7
+1 -70
+1 -96
-1 60
-1 86
-1 -65
0 6
-1 -69
0 2
-1 -48
-1 60
0 2
0 1
+1 -38
0 3
+1 59
+1 72
0 5
0 7
+1 -57
0 8
-1 1
0 3
0 8
0 2
-1 -29
+1 -27
0 2
0 8
0 9
+1 -20
0 6
-1 -80
0 4
-1 -42
-1 -27
-1 2
+1 0
-1 -33
-1 33
-1 23
-1 18
+1 91
0 1
0 2
0 4
+1 -76
0 1
0 1
0 5
-1 91
0 4
0 2
+1 38
-1 61
0 3
+1 -26
+1 -7
+1 -30
0 1
0 7
+1 53
+1 23
-1 92
-1 -85
-1 14
-1 55
+1 -87
-1 -49
-1 43
+1 -97
+1 -56
0 1
-1 -46
0 4
+1 -32
0 2
-1 -44
-1 -30
+1 41
0 2
+1 64
-1 15
+1 -15
0 3
0 5
0 3
0 1
0 4
-1 41
0 4
-1 55
+1 -98
0 5
0 2
0 4
+1 -17
-1 49
-1 -75
-1 -44
-1 87
0 2
-1 -45
0 1
0 1
0 1
+1 -48
-1 60
0 1
-1 27
+1 67
-1 33
+1 -21
0 1
0 1
+1 47
0 1
0 2
+1 -47
+1 70
0 1
-1 51
+1 -21
0 1
+1 -27
-1 -19
-1 -44
-1 96
0 2
+1 47
+1 -46
+1 83
-1 79
0 4
+1 -67
+1 -91
+1 96
0 5
0 7
-1 -87
-1 92
-1 33
0 4
-1 6
+1 40
0 4
-1 -76
+1 34
-1 35
0 2
-1 16
0 2
-1 84
0 1
0 1
-1 -53
+1 17
+1 69
0 2
-1 29
+1 84
0 2
+1 11
+1 41
-1 -69
-1 60
0 1
-1 -31
+1 16
0 1
+1 81
-1 78
-1 28
0 1
0 1
-1 79
+1 -49
0 1
+1 -92
+1 12
-1 63
0 2
+1 -40
+1 26
0 3
-1 40
-1 -41
+1 5
0 1
-1 -83
-1 -92
+1 9
+1 -22
+1 -54
-1 -84
0 2
-1 -10
-1 -52
+1 77
+1 -13
-1 -35
+1 -20
+1 -41
-1 36
0 1
-1 -69
-1 -65
+1 -29
0 2
+1 30
-1 -1
+1 -57
-1 -7
0 1
0 1
-1 51
+1 -92
0 2
0 1
+1 -43
-1 -71
+1 -3
0 2
+1 -78
0 3
+1 -34
-1 -33
-1 -91
-1 73
-1 -45
+1 -31
+1 -97
0 2
+1 75
-1 -17
+1 -44
+1 -68
-1 32
-1 15
+1 3
0 4
0 2
0 3
-1 -44
+1 -54
0 4
-1 18
-1 -20
+1 -41
+1 88
+1 -100
-1 78
-1 -74
+1 -43
0 4
+1 59
-1 -45
+1 36
-1 -36
+1 -8
+1 20
0 2
+1 -10
0 7
-1 86
-1 33
0 1
+1 48
-1 31
-1 -66
0 4
0 2
-1 -57
-1 41
+1 -54
-1 90
0 1
0 1
-1 -40
0 1
+1 -25
0 1
+1 39
0 2
-1 0
0 1
-1 49
0 1
+1 -64
0 2
-1 -24
0 1
+1 -31
+1 38
0 2
+1 67
0 2
0 2
-1 -65
+1 14
+1 -44
0 2
+1 68
+1 -89
-1 -25
+1 -10
0 3
0 2
-1 12
+1 86
0 1
+1 36
+1 -25
0 8
-1 89
0 5
0 3
+1 -28
-1 -13
-1 -80
0 1
-1 -58
0 2
0 5
-1 -31
+1 0
+1 -78
+1 -55
0 1
+1 -58
+1 90
-1 74
0 2
0 2
0 6
+1 -81
0 2
+1 -54
-1 7
-1 41
-1 67
0 8
-1 99
-1 91
-1 16
0 3
0 3
0 5
-1 -29
0 3
0 3
+1 73
+1 2
-1 92
-1 42
-1 91
-1 -84
-1 -19
-1 40
+1 -90
0 1
0 1
-1 6
+1 -59
+1 85
-1 -84
+1 -57
+1 72
-1 -41
0 1
+1 -73
0 3
+1 23
-1 28
+1 -24
0 2
-1 41
0 3
-1 92
0 2
-1 4
-1 -48
+1 -23
0 1
+1 54
-1 -26
+1 -25
-1 63
+1 -48
+1 -73
0 1
0 2
+1 60
+1 -83
-1 -94
-1 72
-1 -81
+1 80
0 2
+1 -28
-1 -29
-1 -57
-1 98
0 1
+1 -53
-1 -25
+1 74
0 2
0 2
-1 57
-1 79
+1 -12
0 1
+1 -29
-1 25
-1 58
+1 -50
+1 74
+1 -9
+1 81
0 3
0 1
+1 53
+1 -88
+1 82
-1 90
0 2
-1 -40
-1 -98
-1 -62
-1 41
0 2
+1 44
-1 -18
0 2
+1 -79
-1 -1
-1 90
-1 -95
+1 0
0 1
-1 16
+1 -72
-1 27
+1 -76
-1 61
+1 99
-1 20
+1 79
0 1
0 1
+1 63
-1 -40
+1 -52
0 2
+1 97
0 3
+1 -42
+1 -63
-1 30
-1 -5
0 3
-1 77
+1 28
-1 -22
0 1
-1 37
0 1
+1 -85
0 2
+1 77
0 3
0 1
0 3
-1 -39
+1 -97
-1 -93
0 1
+1 -86
0 3
-1 -66
+1 79
+1 -31
0 1
0 2
+1 82
+1 -27
0 2
+1 60
+1 -27
+1 -37
0 2
+1 -94
0 5
0 1
+1 64
-1 11
0 7
-1 50
+1 -53
-1 -27
-1 -52
+1 85
-1 -17
-1 98
-1 -20
0 4
+1 98
0 6
-1 30
+1 86
-1 99
-1 -78
0 3
+1 -59
0 2
0 2
-1 22
-1 92
+1 77
0 1
0 3
0 4
-1 19
0 3
+1 -42
0 2
0 5
+1 76
-1 21
+1 -19
+1 15
-1 66
0 3
-1 -72
0 4
-1 -71
+1 -92
0 3
0 5
0 4
-1 -64
+1 -67
0 4
0 3
0 2
-1 -20
0 1
+1 92
0 2
0 1
-1 -81
+1 -96
0 4
-1 63
0 2
0 3
+1 -20
0 1
0 1
+1 -75
-1 -50
0 5
-1 -15
+1 -65
-1 -60
+1 83
0 1
+1 53
+1 8
0 5
-1 -47
0 5
+1 88
0 1
-1 -44
0 5
+1 22
+1 -13
0 3
+1 -71
0 2
-1 -100
+1 56
0 1
0 8
+1 -50
-1 98
-1 53
0 1
0 6
0 1
+1 71
-1 -12
-1 -83
+1 25
-1 80
+1 31
0 1
0 5
-1 -76
0 4
-1 86
0 3
0 2
+1 -39
0 5
-1 30
0 6
-1 72
0 2
0 4
-1 -67
+1 -33
0 1
0 1
-1 19
+1 98
-1 1
+1 -79
0 5
-1 -15
-1 -89
-1 -84
0 2
-1 34
+1 6
-1 -2
+1 -14
-1 -64
+1 78
0 2
0 2
0 1
+1 72
-1 -39
0 2
+1 -63
-1 68
+1 -32
0 2
0 1
-1 -17
+1 -34
-1 5
0 2
+1 -51
-1 93
+1 -49
+1 28
-1 -30
+1 13
+1 -65
0 2
+1 26
+1 -7
-1 88
+1 37
-1 -74
+1 -99
0 2
0 2
-1 -35
-1 8
+1 -1
0 4
+1 12
-1 -55
-1 9
0 5
+1 -51
-1 38
-1 -10
+1 88
+1 -71
+1 -50
0 1
+1 -48
-1 72
0 6
0 4
+1 9
-1 60
+1 96
+1 -86
-1 -98
+1 65
+1 -28
-1 -78
-1 -28
-1 -32
0 7
-1 39
-1 -25
+1 -84
+1 -61
-1 -16
-1 74
+1 -53
0 6
+1 46
-1 -6
+1 -52
+1 90
0 5
0 7
-1 -86
+1 63
+1 22
0 8
+1 21
0 2
-1 74
+1 59
-1 -97
-1 -11
-1 17
-1 9
-1 40
-1 -6
+1 50
+1 -1
0 4
-1 -93
-1 31
+1 83
+1 -10
-1 52
0 4
0 5
0 5
+1 -30
-1 19
0 3
0 4
0 5
-1 -51
-1 14
+1 -75
0 3
+1 -38
+1 40
+1 -35
+1 -80
-1 -66
+1 -12
-1 0
-1 16
0 6
0 5
-1 49
0 1
-1 2
0 4
0 2
+1 67
0 1
-1 26
-1 -30
-1 -79
+1 26
0 2
+1 -70
0 2
-1 73
0 2
+1 -60
-1 -16
-1 -47
+1 34
+1 -96
0 3
0 1
+1 -46
+1 59
0 1
0 3
+1 32
0 4
+1 -91
0 5
-1 16
+1 -22
0 4
0 4
0 1
+1 10
+1 -85
-1 -25
-1 -100
0 2
-1 -79
0 4
0 7
0 5
0 5
+1 -8
-1 -97
-1 -70
-1 7
0 2
0 5
+1 60
+1 -11
-1 -27
+1 13
+1 18
-1 -31
+1 -40
-1 -71
+1 -4
+1 -41
0 3
0 9
-1 27
0 1
+1 -26
-1 -47
-1 73
+1 88
0 3
-1 -91
0 3
-1 50
-1 -64
+1 9
+1 -71
-1 4
0 3
0 1
+1 45
-1 97
+1 -69
+1 -28
+1 61
0 9
+1 80
+1 95
+1 -63
-1 -86
-1 85
0 6
-1 -87
-1 -31
-1 -16
0 6
-1 -17
0 5
-1 41
+1 0
+1 -29
0 6
-1 -74
-1 17
0 4
0 2
-1 -84
0 2
+1 -2
0 3
+1 44
-1 80
0 1
0 5
0 5
-1 26
+1 10
+1 -3
+1 -36
+1 -9
0 4
-1 -68
-1 -22
+1 -69
+1 91
0 2
0 1
-1 -68
-1 -64
+1 -14
0 7
0 7
+1 -78
0 7
-1 -46
-1 21
-1 -77
+1 -67
+1 90
+1 14
0 5
-1 -2
0 3
-1 -27
+1 -54
0 4
+1 -25
-1 29
+1 64
-1 78
0 4
-1 -68
-1 -88
-1 43
-1 83
-1 -88
-1 66
+1 63
-1 -67
0 1
+1 86
-1 -40
-1 81
+1 -88
-1 -54
+1 63
+1 41
-1 17
0 1
0 1
0 1
0 1
+1 78
0 1
0 2
+1 37
0 2
+1 -50
+1 92
0 2
-1 92
+1 55
+1 -2
+1 -96
+1 -85
+1 44
0 2
+1 88
+1 -85
0 10
-1 90
+1 -31
0 11
-1 -38
+1 -79
+1 -82
-1 -75
+1 -15
+1 -7
-1 -58
-1 -76
0 9
0 7
+1 81
+1 -33
-1 -18
0 7
+1 4
0 12
-1 -49
0 2
0 3
+1 57
0 3
0 6
-1 57
-1 -81
-1 -74
-1 34
0 7
0 7
+1 -72
-1 -1
+1 -71
+1 91
0 3
+1 -93
+1 -73
-1 7
0 3
+1 -58
-1 28
-1 -22
0 7
-1 -44
+1 11
-1 69
0 9
+1 -10
+1 -80
+1 -66
0 1
+1 -21
0 5
0 8
-1 -62
0 5
-1 47
-1 7
-1 -69
0 5
-1 -2
-1 -67
-1 -35
+1 -2
0 2
0 2
+1 -61
+1 -95
-1 -28
-1 77
-1 19
+1 -6
-1 -25
+1 27
0 5
+1 -95
-1 -41
0 5
+1 -80
0 7
+1 63
0 1
-1 -85
-1 16
0 3
0 8
-1 77
0 2
+1 9
-1 -39
0 7
-1 40
-1 -87
+1 -51
-1 -73
-1 -61
-1 -72
-1 58
-1 -20
+1 -25
-1 75
0 1
0 1
0 1
-1 88
+1 -83
+1 -47
-1 48
+1 43
0 2
0 1
-1 -12
0 1
+1 92
0 2
0 2
0 2
-1 5
-1 17
+1 -68
0 1
0 1
0 1
-1 -54
+1 46
-1 91
+1 20
0 1
0 1
-1 4
+1 -51
+1 -40
-1 8
0 1
0 1
-1 -30
+1 24
-1 -79
+1 -88
-1 -37
+1 -49
+1 -49
-1 25
0 1
-1 -39
+1 -37
0 1
+1 76
+1 -74
+1 -53
0 4
-1 57
-1 -84
+1 -51
0 3
+1 -72
+1 82
-1 -93
+1 -91
0 5
+1 -63
+1 94
+1 -24
0 2
-1 42
+1 33
0 5
0 1
0 1
+1 -27
0 1
-1 -45
0 1
-1 35
0 3
+1 12
-1 39
+1 -94
-1 66
-1 44
0 2
-1 2
+1 -78
+1 -62
+1 -7
+1 -78
+1 -65
+1 53
+1 94
0 8
0 6
+1 -44
+1 10
0 2
0 10
-1 30
-1 37
-1 -69
+1 33
-1 31
0 9
+1 72
+1 -18
0 9
0 6
0 12
-1 38
0 6
-1 73
-1 -28
0 4
-1 -36
0 4
+1 94
-1 -100
0 1
0 4
+1 -96
+1 98
+1 -94
+1 94
+1 -58
+1 46
-1 -65
-1 98
0 6
+1 -75
+1 -37
-1 91
+1 11
0 12
+1 -57
0 16
-1 -62
-1 -40
-1 -26
0 12
-1 61
-1 -49
+1 80
-1 85
-1 -32
-1 -46
0 4
+1 6
+1 -75
+1 -65
+1 -33
-1 -81
-1 -13
0 5
0 3
-1 -66
-1 -79
-1 -82
-1 1
0 2
+1 1
-1 -59
+1 -64
0 7
-1 -9
+1 27
+1 95
-1 85
-1 29
0 4
+1 42
+1 -33
-1 -41
0 5
-1 35
+1 -27
+1 -25
+1 -15
+1 38
-1 -33
0 7
0 10
-1 -53
-1 10
-1 -23
+1 -49
0 2
+1 17
+1 -94
+1 -83
-1 -74
0 2
+1 -23
+1 -8
-1 -85
-1 -19
-1 95
+1 88
-1 -88
0 2
0 9
0 1
0 7
-1 32
+1 -53
0 6
+1 -1
-1 17
+1 -86
-1 -83
-1 -31
0 1
+1 46
0 7
0 4
-1 57
+1 78
0 8
-1 89
0 7
0 2
+1 43
+1 41
+1 16
+1 -63
-1 -44
-1 52
-1 -78
-1 -90
0 1
-1 39
0 6
0 4
0 4
+1 -99
+1 -67
-1 -99
+1 20
0 2
-1 -14
-1 45
0 1
+1 -68
-1 -100
-1 71
-1 46
0 4
0 5
-1 16
0 4
+1 -79
0 5
+1 28
0 3
0 2
-1 64
0 4
0 5
+1 -52
+1 -31
+1 -90
+1 55
+1 -16
+1 47
+1 -40
0 1
+1 -77
0 5
-1 46
-1 -22
-1 -78
+1 56
0 2
+1 96
0 11
-1 -95
0 11
0 10
-1 4
+1 -97
0 10
-1 97
+1 84
0 9
+1 -62
-1 68
+1 9
+1 95
+1 -16
-1 41
-1 88
-1 60
0 7
-1 -46
0 9
+1 54
0 1
+1 -42
+1 -52
+1 78
-1 71
-1 90
+1 -26
0 10
-1 12
+1 36
0 2
0 4
0 4
0 5
+1 -76
-1 51
0 6
-1 -85
0 4
0 7
+1 -77
+1 -13
0 11
0 11
-1 -48
-1 -34
-1 100
-1 26
0 8
+1 -11
-1 -25
-1 51
0 7
+1 -17
0 7
+1 -64
-1 -47
0 10
0 2
-1 94
0 5
0 5
-1 -11
0 5
+1 71
-1 -27
+1 47
-1 -2
-1 95
0 2
+1 -67
+1 -64
+1 21
0 3
-1 -22
+1 85
+1 -50
0 10
0 6
+1 -18
+1 46
+1 -1
+1 -50
-1 -11
+1 91
-1 -75
+1 29
+1 85
+1 -56
-1 80
+1 11
0 6
+1 27
0 8
+1 6
-1 -15
0 7
+1 -92
0 15
-1 23
+1 -7
+1 -73
-1 100
+1 25
0 12
0 20
0 10
+1 -46
+1 -88
0 4
-1 -88
0 12
+1 58
+1 -93
-1 -93
-1 -54
0 13
+1 7
0 10
-1 71
+1 10
0 20
+1 -76
-1 53
+1 -9
0 10
+1 -24
+1 -37
0 11
+1 -32
-1 42
0 19
0 17
0 7
-1 -87
0 21
-1 18
-1 -97
-1 10
-1 90
+1 -56
0 14
-1 -92
-1 -64
+1 -84
0 11
-1 -15
-1 -33
-1 -2
-1 46
-1 -37
+1 -29
+1 -67
0 16
-1 70
+1 -3
-1 19
+1 48
+1 -55
0 14
0 17
-1 -36
0 2
0 2
0 10
+1 -81
+1 -10
+1 -27
-1 36
-1 -67
+1 -86
-1 2
+1 -34
0 2
-1 -26
0 14
-1 79
-1 -11
-1 -61
-1 -42
+1 -78
0 15
-1 -87
0 11
0 1
+1 45
+1 94
-1 86
-1 -94
-1 -41
+1 18
-1 91
0 7
+1 -79
+1 89
0 11
0 13
0 4
0 10
-1 -77
0 11
+1 -12
-1 -51
0 2
0 9
+1 42
-1 49
0 5
+1 50
-1 -12
0 9
-1 5
-1 -60
+1 50
-1 -88
-1 55
+1 -66
0 2
+1 62
+1 75
0 6
0 1
-1 26
-1 73
-1 -55
0 4
0 3
0 11
0 9
-1 -70
+1 96
+1 36
0 10
+1 12
-1 -12
+1 -47
0 6
+1 -7
+1 14
-1 -55
-1 -69
+1 -60
-1 -13
0 10
-1 -86
+1 29
-1 90
0 10
+1 40
+1 74
-1 17
0 3
0 10
+1 -73
+1 39
0 1
-1 53
+1 -54
-1 84
-1 91
0 9
-1 99
+1 73
-1 98
-1 -48
0 4
+1 -20
+1 -68
0 7
+1 95
+1 63
0 3
0 3
0 7
0 4
-1 -77
0 11
+1 -50
+1 -27
-1 -67
+1 -88
-1 18
-1 -81
+1 -44
-1 35
0 11
-1 -48
+1 19
-1 -95
+1 -21
0 3
+1 26
0 4
0 2
0 4
0 6
-1 -72
0 7
-1 33
0 10
-1 97
-1 61
0 1
+1 40
0 5
0 9
-1 49
0 7
+1 -26
-1 -95
0 6
0 11
0 3
-1 44
0 7
0 9
0 3
-1 8
-1 31
+1 -12
-1 93
0 7
+1 97
-1 15
-1 -42
-1 -36
+1 -80
0 6
0 1
+1 47
-1 -38
0 1
+1 -5
-1 50
+1 -93
+1 98
0 2
0 1
+1 -51
0 2
-1 16
+1 -57
+1 -52
-1 37
+1 53
+1 -30
-1 -44
-1 -97
-1 -73
-1 76
-1 33
+1 -18
-1 -54
-1 29
+1 -61
-1 -71
+1 18
+1 -45
-1 -34
-1 -11
-1 14
+1 -69
+1 93
0 3
+1 34
0 3
+1 1
-1 53
+1 -99
0 2
-1 40
-1 1
0 1
+1 71
-1 -94
-1 -35
0 6
0 6
+1 100
-1 -27
0 6
0 2
0 1
-1 -22
+1 -15
0 2
-1 55
-1 3
-1 -33
+1 36
0 2
-1 3
-1 -8
+1 25
+1 9
+1 48
0 3
-1 39
0 2
-1 50
0 2
+1 -34
+1 -66
-1 -72
0 4
-1 35
-1 6
+1 -50
-1 74
+1 66
+1 -39
+1 57
+1 92
-1 -7
+1 -47
0 2
+1 24
0 4
-1 73
0 3
-1 -45
-1 -54
-1 97
+1 17
-1 22
0 2
-1 88
-1 18
+1 27
+1 -22
0 2
+1 -22
0 1
0 4
+1 26
+1 -57
-1 -79
-1 60
+1 -63
-1 20
+1 -17
0 4
-1 -36
-1 -38
0 2
+1 26
-1 -86
0 1
0 1
+1 20
-1 74
+1 95
0 3
+1 100
0 2
-1 13
-1 60
-1 9
+1 -50
-1 -61
+1 32
-1 -26
0 1
0 1
+1 87
0 2
+1 67
-1 2
+1 -16
0 3
0 2
-1 -58
+1 22
+1 53
-1 8
-1 -60
+1 -51
-1 53
-1 39
-1 49
0 1
-1 13
+1 -76
+1 -32
+1 82
+1 -88
-1 -10
0 1
-1 34
-1 -31
0 1
+1 54
0 2
-1 68
0 1
0 1
+1 -87
+1 -45
+1 14
+1 87
-1 21
+1 -27
0 5
+1 -5
0 5
+1 -26
+1 -10
0 5
-1 15
+1 -26
-1 -58
-1 -3
0 4
+1 9
0 4
-1 6
0 6
0 3
0 1
-1 -85
+1 -32
+1 34
-1 91
+1 26
0 7
+1 89
+1 10
0 5
0 1
0 9
-1 -28
0 4
-1 43
-1 -76
+1 -64
-1 -37
+1 -27
-1 -20
0 3
+1 -50
-1 30
0 3
0 5
+1 73
+1 33
-1 98
-1 44
+1 6
-1 -92
0 6
+1 -19
0 6
-1 24
+1 81
-1 60
0 2
-1 -39
+1 -94
+1 -53
-1 11
+1 -94
+1 79
0 5
+1 -28
0 3
+1 -64
0 10
+1 -8
0 3
+1 92
-1 76
+1 78
+1 -75
0 4
0 12
-1 -75
+1 -23
0 6
0 1
+1 64
+1 -40
+1 -94
0 5
+1 19
0 13
0 5
+1 66
+1 39
0 13
0 3
0 16
-1 -16
-1 5
-1 -43
+1 -65
+1 -41
-1 -44
-1 -84
-1 82
0 8
+1 74
-1 -84
+1 -60
0 2
0 3
+1 -80
+1 -61
-1 -47
+1 55
0 13
-1 -16
0 1
-1 100
-1 8
-1 -43
+1 -82
0 8
0 9
-1 71
-1 92
+1 53
0 14
+1 100
-1 100
-1 -40
0 11
0 13
+1 -57
0 1
+1 14
+1 -49
0 13
0 6
-1 -37
+1 99
0 13
+1 25
+1 39
+1 56
0 19
+1 -49
0 1
0 1
0 11
-1 -43
+1 -95
-1 56
+1 25
-1 -99
0 19
0 4
-1 55
-1 -5
+1 -76
-1 -45
+1 60
-1 -77
+1 96
0 1
0 11
-1 -88
0 3
+1 -64
0 4
+1 -68
+1 -9
0 5
+1 12
-1 66
+1 58
-1 89
0 8
-1 26
+1 -98
-1 -54
-1 -29
0 18
+1 57
0 15
-1 1
+1 90
0 13
+1 -43
+1 81
-1 -78
+1 -75
0 3
0 18
+1 11
-1 -72
-1 73
-1 -82
+1 -64
+1 94
-1 -2
0 6
-1 -76
-1 90
0 4
0 1
0 7
+1 -42
0 9
+1 72
-1 -64
0 10
-1 -13
-1 -85
+1 -7
+1 96
0 3
-1 15
+1 -60
+1 -34
-1 95
+1 48
+1 -75
+1 -32
0 7
0 7
0 6
0 2
+1 62
-1 4
+1 -21
+1 -26
0 12
0 15
0 14
-1 0
+1 -60
-1 92
0 3
0 2
-1 -23
+1 -97
+1 -21
+1 38
0 17
+1 -54
+1 -3
-1 38
0 19
0 2
0 9
-1 75
+1 83
+1 -22
0 19
0 3
+1 -29
0 22
-1 30
-1 -1
0 23
-1 23
-1 39
-1 35
-1 60
+1 78
0 13
0 8
+1 -58
+1 -83
+1 -44
-1 -73
+1 36
0 23
0 14
0 4
0 6
0 7
0 25
0 24
-1 87
-1 36
+1 -17
-1 37
+1 -6
0 22
+1 -50
-1 -4
+1 42
-1 -21
+1 -18
+1 17
+1 -77
+1 -67
-1 -89
+1 44
-1 87
-1 66
+1 -34
-1 84
+1 -56
0 24
0 14
+1 -54
0 23
-1 100
-1 40
-1 -46
0 25
0 21
0 1
-1 62
0 13
+1 -72
-1 76
-1 -45
0 11
-1 -56
+1 -52
-1 45
0 8
+1 -4
0 4
+1 30
-1 -44
0 9
0 9
-1 -63
-1 -4
+1 61
-1 -3
-1 77
+1 70
+1 -79
0 1
-1 50
-1 25
-1 52
0 18
+1 12
-1 47
0 20
-1 -91
-1 -30
+1 19
0 13
+1 66
+1 -5
+1 9
-1 27
-1 -34
+1 -52
+1 -58
+1 51
+1 5
+1 -24
+1 -90
-1 58
0 2
-1 44
+1 -80
0 19
0 13
0 15
0 15
+1 -81
-1 -82
+1 96
0 18
+1 -19
+1 70
0 9
-1 -79
0 2
0 18
+1 -69
+1 -61
+1 -19
0 29
-1 10
+1 73
0 18
-1 51
-1 93
-1 -2
0 8
+1 91
+1 -78
+1 -22
0 14
0 29
0 11
0 29
0 12
-1 31
+1 52
+1 -70
-1 92
+1 -67
0 9
0 2
-1 11
0 9
0 2
-1 55
+1 -91
-1 89
-1 -97
+1 -43
+1 63
0 2
0 7
+1 79
+1 -7
0 19
0 18
+1 -15
+1 -99
-1 45
+1 -93
0 19
-1 -45
+1 72
0 1
+1 -9
-1 10
+1 32
-1 -95
0 19
0 3
+1 40
-1 -31
-1 87
0 22
+1 80
0 14
0 32
+1 61
0 32
+1 86
+1 -81
+1 54
-1 -52
+1 27
+1 100
+1 -21
-1 28
0 32
0 36
+1 94
-1 -50
0 15
0 6
-1 66
-1 86
+1 4
-1 47
+1 -68
+1 41
0 21
+1 -5
0 36
-1 24
0 8
0 15
0 8
+1 -56
+1 18
0 18
+1 41
0 30
-1 6
+1 -15
+1 -86
-1 5
0 22
+1 -24
0 29
-1 3
0 37
-1 59
-1 -83
0 29
-1 57
0 20
+1 -43
0 11
-1 13
+1 -23
-1 33
+1 -68
+1 49
+1 4
-1 -55
+1 -62
-1 -84
-1 12
-1 -57
-1 79
-1 10
+1 -27
-1 -95
-1 -93
+1 -38
+1 58
+1 25
0 25
+1 -36
+1 92
-1 -24
+1 -35
+1 96
+1 -14
-1 90
0 19
+1 68
-1 16
0 2
-1 -85
-1 -8
+1 -25
0 15
+1 -64
-1 87
-1 -72
-1 -99
0 8
0 19
0 4
-1 58
0 20
-1 -8
+1 44
-1 20
+1 39
0 1
+1 12
-1 -61
+1 -91
-1 -76
+1 -32
0 17
+1 94
-1 -21
-1 -86
+1 95
+1 33
+1 4
+1 95
+1 10
-1 -40
+1 52
-1 -100
0 1
+1 -96
0 35
0 9
-1 53
0 23
0 19
-1 78
-1 17
-1 86
0 7
+1 -30
0 8
0 34
+1 -2
+1 -10
+1 2
0 43
-1 -62
+1 -6
+1 86
-1 -61
0 17
+1 88
-1 -74
0 35
-1 -87
0 38
-1 47
-1 -55
-1 54
+1 78
-1 13
0 1
-1 1
+1 -51
0 9
0 11
-1 92
+1 -65
0 7
-1 -55
+1 -60
0 5
0 26
-1 43
+1 40
+1 -66
+1 19
+1 91
+1 68
+1 50
+1 82
-1 -47
0 42
+1 34
+1 -45
0 32
0 19
0 20
+1 -44
0 7
+1 69
-1 -65
0 7
-1 78
-1 74
+1 83
+1 -52
+1 50
0 17
+1 40
-1 -31
+1 62
-1 -51
0 39
0 31
0 22
0 21
0 12
0 36
0 31
-1 60
-1 -70
+1 -79
0 2
0 13
+1 73
+1 -55
-1 93
+1 -15
-1 5
-1 88
+1 -58
+1 -57
-1 24
+1 3
+1 -55
0 30
-1 -89
0 3
+1 -60
-1 60
+1 -66
+1 -66
0 43
0 31
-1 67
+1 23
0 27
-1 43
+1 -67
-1 -32
+1 -82
+1 80
-1 67
+1 30
0 24
-1 85
0 8
-1 -38
+1 63
-1 60
+1 -2
-1 -1
+1 -64
+1 -7
0 42
0 8
-1 -17
-1 83
-1 72
-1 -16
0 46
0 7
+1 31
-1 -52
+1 40
-1 -42
+1 -31
-1 -37
+1 87
0 22
0 25
-1 19
0 46
0 19
0 40
-1 50
-1 -75
-1 -16
+1 -30
-1 92
+1 35
-1 -83
-1 -8
-1 34
+1 61
-1 -28
0 17
-1 42
+1 60
-1 12
+1 80
+1 22
-1 3
0 3
+1 -61
+1 -8
0 33
0 35
-1 -97
+1 -6
0 24
-1 44
0 6
0 35
-1 -10
+1 91
0 28
+1 -90
-1 -95
-1 5
-1 21
+1 81
0 31
0 10
+1 -66
-1 -35
0 19
+1 -39
0 28
+1 -11
0 14
0 16
-1 -27
-1 3
-1 -99
0 13
0 8
-1 -9
-1 87
+1 -77
-1 -93
+1 73
0 32
+1 -72
+1 -34
-1 91
0 34
-1 -22
-1 -25
-1 -74
0 12
+1 -83
0 15
-1 -18
0 17
0 35
+1 -1
-1 45
-1 -51
0 7
-1 50
-1 -11
-1 44
0 17
+1 -33
+1 67
0 12
+1 40
-1 -80
-1 86
-1 36
+1 -94
0 26
+1 61
0 11
+1 -74
-1 35
+1 -52
+1 38
0 2
-1 11
-1 -29
-1 -71
-1 -32
+1 -23
+1 -38
-1 22
-1 -13
-1 -1
-1 -61
+1 27
0 27
-1 41
+1 -4
-1 82
+1 22
-1 -80
+1 -91
-1 -56
-1 96
+1 -4
+1 52
+1 -62
+1 -95
+1 -14
-1 88
+1 -68
0 28
+1 -22
+1 -46
+1 97
+1 -11
+1 -54
+1 -15
-1 1
-1 79
0 14
+1 -2
-1 -88
+1 -36
0 30
0 7
+1 7
+1 22
-1 -38
+1 -42
0 8
0 34
+1 -40
0 22
-1 -6
-1 27
-1 17
0 30
0 38
-1 45
0 14
-1 -40
+1 7
-1 79
-1 -38
-1 78
+1 -6
0 23
-1 76
-1 70
-1 64
-1 -64
0 20
0 33
-1 -74
+1 36
0 1
+1 9
-1 -19
0 25
+1 -91
+1 56
+1 -37
+1 64
+1 28
0 29
0 15
-1 33
-1 -55
-1 13
+1 35
-1 78
-1 -93
+1 89
+1 94
-1 32
0 12
0 6
+1 83
+1 68
+1 -59
0 21
+1 80
-1 86
0 35
0 25
-1 92
-1 -35
+1 27
0 22
-1 44
+1 -35
0 36
+1 52
0 20
-1 -27
-1 48
+1 -18
+1 -5
-1 -84
+1 70
+1 44
0 22
+1 73
+1 86
0 2
0 18
+1 -79
+1 83
-1 -97
0 8
+1 -11
0 28
-1 27
+1 -19
0 2
0 38
-1 -82
+1 -38
-1 -54
-1 -66
-1 -45
0 13
0 18
-1 -96
0 12
+1 -88
0 39
-1 73
-1 38
+1 12
-1 -19
0 18
+1 69
0 2
-1 -58
-1 82
-1 57
+1 -19
+1 23
-1 -12
-1 43
+1 49
+1 -79
0 34
-1 43
0 19
0 10
-1 77
-1 -50
-1 -26
0 15
-1 45
-1 17
0 31
0 20
-1 -77
-1 99
-1 15
0 15
+1 -92
0 14
+1 -43
+1 -95
-1 -98
-1 72
0 20
-1 -8
0 29
+1 23
0 19
-1 -98
0 16
0 23
0 28
+1 52
+1 -17
0 20
+1 -30
0 10
0 13
-1 71
0 24
0 10
0 10
+1 -36
0 14
+1 -36
-1 43
0 10
-1 -53
0 10
+1 -83
0 15
-1 14
+1 -60
-1 6
-1 -8
-1 -54
0 19
0 26
+1 100
+1 -35
0 17
-1 -4
+1 4
-1 -57
0 1
-1 -1
-1 -57
0 3
0 15
+1 34
0 3
+1 36
0 12
0 18
-1 36
+1 -1
+1 15
+1 12
0 25
+1 14
+1 20
-1 -95
0 16
-1 -83
