1000
101 402
1146 1170
586 900
1162 1237
1168 1282
1260 1419
818 986
255 1181
423 1333
583 1413
530 603
535 544
1054 1210
541 1042
1431 1438
995 1094
1062 1090
589 1004
540 1224
353 892
1121 1401
627 856
913 1439
898 1132
1255 1425
930 1155
1315 1438
1130 1306
95 511
902 1314
714 913
530 1401
1244 1411
1108 1241
988 1201
1261 1410
849 1408
1329 1377
427 1088
1335 1351
1427 1439
732 1105
496 1271
885 1155
984 1437
1175 1249
233 968
302 349
453 468
1395 1433
313 987
881 1339
363 673
92 1057
1171 1305
602 930
1351 1393
689 1305
760 1020
896 1119
703 776
884 1273
1361 1427
316 869
205 1037
766 1074
800 1160
344 854
1107 1176
1270 1337
555 1229
1088 1350
546 1192
267 588
1209 1284
1273 1406
537 635
1260 1380
1114 1297
80 387
497 1166
695 1034
1313 1435
1434 1439
263 716
1419 1420
413 599
1024 1333
1352 1410
565 945
854 860
921 938
549 943
1158 1381
702 1072
880 1145
926 1248
599 770
269 516
207 1341
557 1224
535 1083
1330 1386
343 467
1244 1248
741 849
676 785
88 426
461 868
1400 1436
74 614
994 1252
85 1035
1163 1218
1020 1355
1200 1200
35 610
1281 1424
795 1439
395 491
1242 1427
1101 1398
860 884
568 795
964 1165
803 815
918 1032
547 875
781 1012
267 390
1363 1388
653 784
276 1223
664 1153
203 1384
286 833
1352 1367
917 1333
268 819
482 1026
685 1214
783 989
1154 1297
831 1400
880 1395
297 943
1398 1400
680 768
546 1070
647 1228
1069 1219
1165 1429
855 1103
803 858
549 805
44 1393
830 999
250 773
1025 1267
39 277
287 1350
557 902
513 1271
909 940
304 1323
1360 1372
929 1059
884 1382
1321 1409
279 367
886 1084
341 632
726 1251
270 956
549 1247
1210 1220
346 1311
292 1254
217 294
452 1324
1303 1408
233 346
1112 1413
6 275
152 767
286 851
214 762
524 537
572 1091
477 538
1319 1428
836 865
999 1153
280 998
701 815
171 1263
152 1185
817 1418
1051 1095
231 920
1365 1371
991 1338
74 152
350 1156
1033 1109
601 1021
1115 1320
1174 1296
1150 1170
118 191
766 1160
301 1388
710 1268
457 925
980 1088
1003 1198
484 1376
966 1249
777 908
262 642
740 1397
789 997
44 679
288 1112
1013 1145
772 1162
458 1085
1070 1149
482 728
996 1156
1380 1392
1271 1289
844 847
640 1125
297 865
824 1326
365 907
1294 1358
1415 1416
698 1141
1007 1073
1412 1428
679 1431
432 716
200 501
1344 1413
157 924
511 1089
796 1075
1423 1438
5 100
732 834
1010 1438
940 1351
1080 1159
537 956
257 387
165 587
630 644
291 364
962 1060
97 195
1004 1292
24 475
1222 1328
164 956
405 1150
1395 1433
542 1241
261 466
287 1276
1270 1296
827 1247
1135 1366
593 1383
587 701
481 1307
1360 1383
708 1182
1369 1426
1015 1335
984 1346
1102 1345
502 850
582 1018
300 336
773 1273
1007 1358
926 1416
1177 1312
135 1027
438 820
1338 1394
201 903
851 1340
212 403
750 1349
333 442
1185 1439
882 1204
674 771
49 1310
323 855
278 427
433 476
1042 1233
356 378
947 1271
949 957
373 1265
710 1125
755 1190
467 889
749 1291
309 1355
425 959
1231 1270
487 895
187 959
571 1206
630 1262
401 1289
732 1274
826 1287
110 393
250 865
447 1351
214 231
184 616
518 619
1403 1435
582 938
421 1363
1020 1042
171 1271
814 926
106 188
1377 1426
931 1247
1205 1209
568 569
761 1020
319 718
340 1026
1315 1349
382 1289
796 1335
1352 1429
181 216
58 1214
709 1376
1004 1209
1243 1256
271 643
161 795
1438 1440
932 1193
757 1153
1363 1406
449 1063
1072 1302
377 454
709 719
1430 1437
878 1024
898 1412
239 377
956 1230
1431 1432
165 1260
1122 1170
742 801
512 1270
1214 1404
277 1127
300 518
241 1251
103 1173
1345 1415
765 1256
569 931
219 1307
1182 1404
1381 1429
1085 1289
449 755
855 1167
1375 1382
498 840
1159 1181
590 800
722 1181
1096 1423
1011 1275
753 1227
444 1068
1411 1413
1333 1419
1380 1429
770 1097
27 345
48 1115
344 1329
1268 1334
164 201
303 1354
410 1278
669 707
1111 1243
338 1028
546 1000
79 566
887 896
1110 1275
861 1185
1085 1090
1089 1212
740 768
293 962
846 1209
667 1248
1401 1419
171 662
687 1265
872 1407
886 904
201 701
280 522
902 982
710 1150
78 923
1078 1402
1359 1385
592 1103
1432 1433
968 996
199 1219
48 608
516 521
1411 1434
1115 1138
319 592
1194 1293
786 1380
694 798
953 1334
1333 1365
714 1093
1314 1433
1250 1270
805 934
1143 1263
1407 1411
66 311
1039 1116
766 917
29 1295
965 1233
37 141
715 1235
130 1381
741 1350
932 1020
28 829
978 1388
556 838
1221 1323
127 1436
790 1346
1356 1361
177 580
497 1002
1167 1197
626 1082
729 1397
631 699
1115 1271
759 1393
580 601
958 996
1286 1391
823 1272
462 888
68 694
675 1170
577 1038
539 1386
478 742
783 992
426 868
1007 1379
173 1136
1383 1433
843 1033
803 1023
34 700
575 1118
717 829
1311 1411
1293 1346
67 82
367 805
719 1256
675 861
495 763
1141 1412
1132 1431
785 1122
880 1282
450 1311
712 991
1289 1352
818 1303
625 894
1147 1338
329 366
832 1280
466 616
726 1041
1104 1197
1116 1222
270 1032
488 972
728 1019
95 580
1410 1424
662 1170
375 412
772 1359
557 594
437 658
286 319
211 963
571 615
74 913
770 1289
358 611
1028 1104
1151 1191
374 822
1211 1440
864 1075
618 957
258 308
564 673
121 453
1184 1432
626 1174
184 317
614 1146
1109 1221
1424 1435
510 866
128 850
391 1368
715 1132
518 584
600 772
959 1301
1145 1227
346 1111
380 1269
1391 1427
1436 1440
233 1133
411 1266
810 988
773 1249
36 565
1173 1175
153 885
1123 1409
407 1438
654 1114
466 873
914 1435
413 413
324 411
64 681
711 1246
220 538
343 877
681 1245
693 1088
512 1345
1292 1389
356 1015
1135 1209
934 1281
78 491
215 1042
672 905
505 1150
1109 1176
837 1049
383 388
1408 1420
1431 1438
520 1333
685 825
222 667
772 1131
619 871
1182 1371
1163 1196
1146 1373
648 1248
104 956
248 370
4 21
1229 1397
33 374
723 742
1094 1399
1296 1319
362 776
294 734
310 1361
678 890
919 926
192 1138
1260 1322
1305 1380
437 519
1227 1298
178 780
51 1320
762 1197
135 1080
51 741
1300 1334
1011 1117
468 631
840 1319
445 1416
1170 1317
35 50
1384 1421
200 1108
927 1090
1333 1384
29 858
1374 1431
661 1149
595 983
1206 1382
1212 1247
532 1242
1239 1245
501 808
1164 1264
995 1075
559 1122
758 1270
94 859
720 839
834 1315
349 618
854 1355
418 439
1122 1209
357 427
463 836
1224 1255
1402 1421
316 900
849 1022
1265 1293
84 938
901 1171
796 1155
295 401
776 1364
1186 1217
107 371
246 1389
635 1050
177 598
343 484
1002 1376
1145 1417
1208 1393
150 1248
1033 1036
825 1132
648 962
298 1131
626 1406
1062 1425
312 596
507 983
458 1047
290 296
1134 1336
798 1263
826 864
1369 1403
635 953
1268 1311
1145 1355
1079 1282
1218 1407
522 781
969 1310
920 1299
931 1332
795 1104
1309 1393
90 1387
529 1427
1233 1340
1135 1216
756 1272
1035 1204
593 1195
1302 1310
1416 1421
597 673
436 850
168 417
573 1332
349 919
848 945
134 292
72 842
491 808
53 1330
1226 1331
1171 1440
592 771
629 1123
1138 1238
567 633
717 1265
627 1361
734 942
652 940
589 1435
145 591
387 622
878 1371
669 1435
913 1349
1425 1436
872 885
1287 1394
706 1280
474 931
1133 1223
935 1105
1427 1429
1264 1342
1220 1279
55 1230
1049 1431
72 834
10 1412
250 1216
395 974
416 443
1294 1299
1124 1161
976 1373
1188 1410
342 827
692 838
583 845
1069 1234
446 959
1281 1368
488 1096
762 1401
779 1264
700 989
779 1409
586 1002
1249 1410
1177 1332
416 1012
635 1091
774 848
197 601
444 1036
166 438
735 1291
110 1270
689 1285
1263 1377
22 733
443 549
303 1008
1340 1410
1079 1290
479 782
1038 1162
747 1342
1076 1086
1385 1403
453 608
611 1117
241 1269
37 703
1102 1439
210 835
348 1193
701 976
1103 1114
1155 1215
835 894
1414 1440
1316 1356
1289 1430
192 789
207 787
537 861
368 1046
620 1368
981 1298
43 783
1411 1438
388 1406
109 317
1294 1308
403 859
650 927
1226 1250
410 1129
486 842
1077 1101
744 1094
688 1091
114 639
568 853
714 881
930 1006
328 559
1226 1410
1157 1212
735 869
428 1335
101 794
784 1339
848 1332
1398 1405
965 1259
268 676
120 1323
879 1106
208 217
276 1373
140 1346
363 365
601 662
299 1267
1430 1432
186 1387
878 1319
433 795
366 1050
1052 1148
387 1207
466 902
598 897
311 1291
472 1044
510 535
587 1272
1194 1310
70 1152
642 1226
1048 1405
228 496
713 999
1184 1239
1299 1375
239 747
365 1022
438 1215
1378 1396
276 782
1249 1405
182 814
775 898
1267 1411
750 871
1057 1373
77 567
1076 1155
1263 1356
312 720
1032 1412
1344 1349
1272 1420
65 462
324 1355
4 258
1179 1345
598 1029
440 597
1111 1341
1089 1318
1074 1140
560 1287
270 458
1194 1335
823 1334
487 1034
297 1218
187 1163
36 152
1115 1319
139 1164
1305 1311
884 887
753 802
461 491
1038 1404
1096 1268
1387 1389
410 773
1010 1335
101 1017
1040 1223
49 641
1043 1350
1333 1344
1228 1369
58 1037
200 1019
319 549
1109 1257
1227 1287
1096 1149
65 1187
868 1263
523 788
439 820
97 763
407 986
955 1415
478 1036
1046 1088
891 1060
697 1201
884 1367
84 1193
664 1007
1343 1374
1077 1132
1066 1236
987 1350
523 1240
242 453
726 1060
916 1181
6 24
985 1123
1333 1341
785 1245
835 1038
1315 1374
268 1149
1340 1382
342 646
1069 1291
760 1239
163 565
236 1016
98 1245
236 955
781 1301
861 1045
654 753
299 591
526 839
953 1080
1229 1419
1435 1440
531 1334
990 1175
1004 1021
1030 1089
757 1355
1010 1247
817 1404
458 642
1399 1419
17 185
1120 1420
620 1439
649 1200
624 1434
1020 1212
911 1414
308 323
676 1096
654 794
80 135
140 233
616 1162
